557 969 3
557 63 6
557 1644 11
557 1338 16
557 843 10
557 140 17
557 583 2
557 708 2
557 128 5
557 1260 6
557 1387 10
557 105 14
557 525 10
557 1624 20
557 297 6
557 8 10
557 561 3
557 323 3
557 792 5
557 926 2
557 605 3
557 1036 5
557 1346 10
557 302 1
557 1231 4
969 1113 10
969 1667 12
969 1669 18
969 249 10
969 1416 15
969 1713 10
969 739 11
969 1543 9
969 771 3
969 1725 10
969 176 10
969 1401 10
969 342 3
969 372 3
969 847 10
969 234 11
969 949 3
969 549 3
969 68 3
969 181 3
969 51 4
969 1189 4
969 1756 15
969 431 14
969 103 3
969 172 12
969 990 4
250 260 2
250 204 3
250 638 2
250 561 3
250 697 3
250 128 4
250 323 3
250 809 10
250 943 3
250 569 3
250 316 3
250 1068 4
250 617 2
250 753 3
250 1118 4
250 502 2
250 8 3
250 72 2
250 53 2
250 297 2
250 407 2
250 475 2
250 598 3
250 358 3
250 41 0
250 536 2
250 712 3
250 954 4
250 599 3
250 713 4
250 513 3
250 405 3
260 950 3
260 199 1
260 567 2
260 338 1
260 688 2
260 571 2
260 949 3
260 386 1
260 267 0
260 236 1
260 509 2
260 430 15
260 9 1
260 1107 4
260 51 0
260 1406 20
260 1104 3
260 103 0
260 127 1
260 1783 18
260 283 1
260 174 2
260 1028 3
260 830 5
260 79 1
260 181 1
260 211 1
260 241 1
260 704 2
260 398 4
372 1189 4
372 639 2
372 1246 4
372 454 2
372 938 5
372 375 1
372 314 3
372 1127 4
372 1624 7
372 753 2
372 874 5
372 766 2
372 1050 4
372 1184 6
372 621 2
372 392 1
372 513 3
372 823 2
372 878 6
372 799 2
372 504 7
372 988 3
372 1540 6
372 1111 3
372 495 1
372 508 1
372 429 1
372 1489 7
372 792 6
372 376 1
372 673 2
372 928 4
372 1412 5
372 378 4
372 1117 4
372 1359 5
372 809 7
372 72 1
372 864 5
372 919 4
372 437 2
372 1352 5
372 560 2
372 1354 5
372 536 2
372 1343 7
372 538 1
372 595 3
372 1268 5
372 1402 5
372 489 2
372 233 1
372 1283 5
372 975 5
372 1580 7
372 297 1
372 843 5
372 212 1
372 482 1
372 592 5
372 713 3
372 605 2
372 460 1
372 473 4
372 407 1
372 1280 5
372 475 5
372 396 3
372 353 4
372 761 2
372 466 1
372 1005 3
372 1018 5
372 1381 5
372 818 3
372 831 2
372 389 1
372 765 2
372 1209 4
372 391 2
372 1493 7
372 835 2
372 393 3
372 527 2
372 128 2
372 448 2
372 569 2
372 758 2
372 73 2
1189 768 4
1189 204 4
1189 638 4
1189 1103 4
1189 543 7
1189 473 5
1189 626 4
1189 1665 7
1189 1280 5
1189 1282 5
1189 569 4
1189 1647 7
1189 1407 5
1189 118 5
1189 346 5
1189 297 4
1189 429 7
1189 1068 10
1189 523 5
1189 938 5
1189 1181 4
1189 1402 5
1189 389 4
1189 1217 4
1189 502 4
1189 1338 5
1189 8 6
1189 483 4
1189 536 4
1189 683 4
1189 975 7
1189 713 4
1189 598 4
1189 475 4
1189 822 5
1189 128 7
1189 899 4
1189 375 4
1189 454 6
1189 1097 4
1189 835 4
1189 1127 5
1189 1370 5
1189 878 4
1189 1072 4
1189 840 4
1189 482 4
1189 1255 4
1189 714 4
1189 1444 5
1189 595 4
1189 546 4
1189 576 5
1189 1244 5
1189 80 4
1189 1554 7
1189 1688 7
1189 823 5
1189 1034 4
768 1431 6
768 501 3
768 1598 6
768 797 6
768 593 3
768 801 2
768 621 2
768 924 2
768 483 2
768 72 2
768 679 2
768 481 2
768 1280 7
768 1700 8
768 422 2
768 1033 3
768 163 7
768 586 2
768 1272 6
768 214 2
768 1248 7
768 704 2
768 770 2
768 34 2
768 886 7
768 686 7
768 1304 6
768 1253 6
768 1616 7
174 679 2
174 63 0
174 1648 7
174 335 1
174 1434 5
174 701 5
679 787 2
679 1176 5
679 149 4
679 30 4
679 683 4
679 396 3
679 903 2
679 1642 7
679 1281 5
679 720 4
679 841 2
679 962 3
679 1083 4
679 792 2
679 67 2
679 1773 14
679 393 2
679 42 4
679 465 4
679 263 3
679 851 3
679 474 2
679 306 3
679 317 4
679 954 4
679 483 4
679 72 3
679 398 5
679 481 4
679 1310 5
679 949 2
679 194 2
679 620 7
679 817 3
679 26 3
679 673 3
679 60 3
679 986 6
679 50 4
679 346 3
679 1487 8
679 161 4
679 404 2
1026 1713 11
1026 172 3
1026 1517 6
1026 615 4
1026 249 20
1026 1686 14
1026 609 4
1026 184 4
1026 423 18
1026 1236 6
1026 487 3
1026 176 3
1026 934 3
1026 1717 18
1026 509 5
1026 1285 6
1026 1045 5
1026 950 3
1026 252 4
1713 85 10
1713 36 11
1713 249 10
1713 462 10
1713 1565 9
1713 1554 9
1713 277 9
1713 1548 10
1713 1118 10
1713 1282 11
1713 143 11
1713 1463 9
1713 1231 9
1713 1246 17
1713 1280 10
1713 652 10
1713 503 18
1713 697 10
1713 1344 12
1713 1195 14
1713 799 10
1713 1072 10
1713 3 12
1713 63 10
1713 1308 13
1713 710 10
1713 561 9
1713 378 10
1713 1585 9
1713 1436 10
1713 1074 10
1713 1624 10
1713 70 9
1713 1434 10
1713 1647 10
1713 975 10
1713 617 11
1713 1739 10
1713 409 11
1713 1730 10
1713 537 10
1713 1644 10
1713 605 11
1713 1342 11
1713 1346 9
1713 1540 10
1713 1387 10
1713 1178 12
1713 1029 11
1713 282 9
1713 495 10
1713 233 11
1713 708 10
1713 525 9
1713 1493 10
1713 144 26
1713 44 10
1713 1117 23
1713 1733 10
1713 474 11
1713 1775 14
1713 1181 10
1713 1724 10
1713 1215 10
1713 27 11
1713 72 10
1713 1313 11
1713 1130 10
1713 536 11
1713 809 9
12 617 2
12 1624 19
12 366 5
12 997 3
12 128 4
12 9 13
12 1042 4
12 415 4
12 1343 13
12 527 2
12 1387 5
12 1763 13
12 32 0
12 1831 19
12 1644 14
12 599 3
12 1406 7
12 27 14
12 1520 7
12 143 13
12 398 18
12 1808 18
12 1379 5
12 1313 6
12 391 2
12 1440 7
12 1255 5
12 1297 6
12 868 19
12 144 13
12 1312 7
12 1433 5
617 468 2
617 259 2
617 323 2
617 1332 7
617 317 2
617 302 2
617 119 2
617 9 2
617 73 2
617 350 2
617 403 3
617 516 2
617 431 2
617 1667 7
617 272 2
617 74 2
617 734 2
617 681 2
617 236 2
617 400 2
617 1543 19
617 462 2
617 1285 7
617 966 3
617 124 2
617 728 2
617 970 7
617 770 2
617 514 2
617 704 2
617 103 2
617 640 2
617 161 2
617 142 5
617 644 2
6 48 2
6 479 2
6 413 1
6 481 1
6 540 2
6 221 1
6 278 2
6 603 2
6 343 1
6 90 4
6 642 2
6 578 1
6 712 2
6 404 1
6 325 1
6 252 1
6 212 4
6 1180 4
6 335 1
6 753 5
6 687 4
6 124 2
6 636 2
6 73 2
6 376 1
6 686 3
6 378 1
6 299 1
6 422 5
48 713 2
48 97 0
48 152 4
48 86 0
48 840 4
48 721 2
48 274 3
48 758 2
48 1136 4
48 144 1
48 762 2
48 212 2
48 1248 7
48 1624 7
48 256 1
48 753 2
48 311 1
48 1184 4
48 621 4
48 986 3
48 1540 11
48 323 4
48 1346 7
48 314 1
48 52 0
48 683 2
48 175 0
48 538 1
48 1655 9
357 1554 7
357 1624 7
357 986 3
357 1362 7
357 1359 6
357 809 8
357 1603 6
357 1403 20
357 358 1
357 52 5
357 1343 7
357 1598 8
357 1169 5
357 474 4
357 1402 5
357 1644 7
357 973 7
357 53 8
357 475 7
357 638 4
357 598 2
357 708 2
357 818 2
357 1062 5
357 525 4
357 1253 4
357 1387 6
357 143 4
357 154 4
357 1565 7
357 1136 5
357 1178 5
1554 1339 10
1554 1580 7
1554 41 6
1554 103 6
1554 1468 8
1554 1546 6
342 1431 5
342 626 4
342 319 3
342 502 1
342 1362 5
342 1848 22
342 194 3
342 561 17
342 495 4
342 173 4
342 809 6
342 1603 18
342 364 2
342 27 20
342 971 3
342 797 2
342 1268 4
342 1039 4
342 1578 7
342 544 2
342 975 15
342 588 3
342 843 5
342 638 2
342 598 2
342 389 6
342 1068 3
1431 431 9
103 920 2
103 599 2
103 841 2
103 975 3
103 183 2
103 601 2
103 282 6
103 658 3
103 1518 6
103 592 2
103 713 2
103 605 2
103 673 2
103 1078 3
103 783 2
103 917 2
103 220 6
103 1280 4
103 462 2
103 475 4
103 409 2
103 598 2
103 840 2
103 853 2
103 277 3
103 908 6
103 211 4
103 345 2
103 708 3
103 1097 3
103 63 2
103 402 2
103 712 2
103 954 4
103 967 3
103 391 2
103 525 1
103 835 2
103 151 3
103 758 2
103 639 6
103 1002 4
103 144 0
103 938 2
103 1072 3
103 30 2
103 874 2
103 392 1
103 1118 4
103 504 3
103 638 3
103 988 3
103 1256 4
103 561 2
103 132 0
103 1313 4
103 495 2
103 52 2
103 1060 3
103 1181 4
103 134 1
103 1302 4
103 686 2
103 378 1
103 983 3
103 688 2
103 314 1
103 569 2
103 919 6
103 114 6
103 503 1
103 734 2
103 44 6
103 1231 4
103 173 0
103 683 2
103 1343 6
103 72 2
103 973 3
103 799 2
41 42 0
41 638 2
41 101 1
41 277 3
41 1029 7
41 1018 4
41 389 1
41 523 1
41 283 3
41 754 2
41 943 3
41 151 3
41 503 1
41 1255 4
41 1807 19
41 1136 6
41 3 25
41 938 3
41 687 2
41 1681 7
41 823 4
41 502 1
41 183 2
41 1043 3
41 495 2
41 805 2
41 1423 7
41 1665 7
41 176 3
41 1236 4
41 928 2
41 741 2
41 919 4
41 1040 3
41 1163 4
41 63 0
41 978 3
41 780 2
41 901 2
41 595 3
41 610 2
41 1215 4
41 1041 3
41 599 3
41 975 3
41 766 2
41 913 2
41 713 4
42 135 5
42 995 5
42 1129 4
42 1050 3
42 942 5
42 1294 5
42 1415 5
42 502 4
42 302 2
42 194 2
42 799 5
42 249 11
42 801 2
42 306 5
42 548 5
42 1487 7
42 132 2
42 495 4
42 1355 5
42 1731 13
42 726 3
42 176 2
42 27 3
42 794 2
42 928 2
42 1049 3
42 1280 4
42 233 4
42 475 5
42 1414 5
42 488 4
42 288 4
42 543 3
42 1724 20
42 919 6
42 1284 5
42 600 2
42 1031 4
42 105 14
42 1354 5
42 483 4
42 296 3
42 538 5
42 1224 4
42 353 2
42 474 4
42 1534 6
42 716 5
42 1334 5
42 1402 5
42 852 6
42 344 12
42 1325 5
42 291 2
42 654 4
42 333 5
42 843 5
42 964 3
42 1340 5
42 1690 7
42 1582 6
42 1329 13
42 1142 5
42 1 3
42 392 5
42 163 3
42 781 5
42 1507 6
42 394 6
42 1509 5
42 704 4
42 840 4
42 961 2
42 640 4
42 1579 10
42 1621 6
42 950 5
42 1005 5
42 1018 4
42 1381 5
42 1744 12
42 952 2
42 752 5
42 323 4
42 1062 3
42 1183 4
42 257 6
42 325 3
42 1440 6
42 1561 6
42 72 2
42 1308 4
42 32 4
42 1255 5
42 142 4
42 263 2
42 626 5
42 1365 6
42 573 2
42 144 3
42 817 3
787 1490 5
787 1339 6
787 720 3
787 1252 5
350 1551 6
350 605 2
350 802 2
350 323 4
350 343 4
350 311 3
350 592 2
350 713 4
350 576 2
350 626 2
1551 1648 7
1551 212 6
102 1449 5
102 97 0
102 943 3
102 758 2
102 645 3
102 98 2
102 323 2
102 316 1
102 355 2
102 62 1
102 50 3
1449 429 6
1449 1021 5
1449 439 6
1449 1421 5
1449 817 5
1449 272 5
605 1023 4
605 337 2
605 770 2
605 704 2
605 1698 18
605 881 2
605 317 2
605 700 4
605 1184 5
605 73 2
605 254 2
605 1667 7
605 620 7
605 1601 6
605 431 3
605 734 2
605 1339 6
605 681 2
605 272 2
605 1281 5
605 596 4
605 249 4
605 462 3
605 32 2
605 1406 5
605 62 4
605 830 2
605 224 5
605 277 3
605 60 2
605 90 5
1023 697 4
1023 734 4
1023 758 4
1023 277 4
1023 460 3
1023 373 3
1023 1117 4
1023 1402 5
431 1624 11
431 1316 13
431 1190 15
431 627 4
431 561 11
431 393 2
431 1748 15
431 308 2
431 1724 16
431 1295 9
431 1231 12
431 1796 17
431 483 14
431 859 5
431 1402 5
431 1215 5
431 358 14
431 1395 16
431 1771 14
431 1762 14
431 983 18
431 1346 10
431 1579 12
431 429 15
431 538 2
431 323 3
431 1132 12
431 1831 19
431 1255 14
431 1644 11
431 1312 14
1624 199 10
1624 1862 22
1624 1783 17
1624 95 17
1624 1093 7
1624 1034 14
1624 1168 16
1624 474 21
1624 93 23
1624 1285 14
1624 1657 20
1624 1398 19
1624 281 7
1624 19 18
1624 1727 22
1624 1313 14
1624 1716 17
1624 1175 21
1624 398 17
1624 1075 23
1624 249 10
1624 224 6
1624 520 22
1624 1700 21
1624 337 7
1624 367 7
1624 105 14
1624 1878 24
1624 1704 19
1624 1772 22
1624 1557 25
1624 1408 10
1624 1042 18
1624 810 6
1624 1871 22
1624 1349 7
1624 725 7
1624 755 22
1624 1686 15
1624 719 19
1624 1500 7
1624 1864 22
1624 1756 17
1624 1811 18
1624 1332 17
1624 1362 22
1624 1866 22
1624 1758 21
1624 1079 26
1624 155 21
1624 234 23
1624 1626 7
1624 1868 22
1624 1509 10
1624 1543 17
1624 415 7
1624 1518 7
1624 341 20
1624 1601 23
1624 1339 11
1624 9 23
1624 1052 14
1624 652 21
1624 456 10
1624 1781 15
711 1678 13
711 873 2
711 1601 22
711 642 2
711 276 2
711 591 3
711 1356 5
711 547 2
711 341 3
711 1034 4
711 124 2
711 339 2
711 1898 27
711 1339 5
711 1018 5
711 644 2
711 257 5
711 317 5
711 400 2
711 1327 7
711 53 5
711 479 2
711 1868 22
711 1184 5
711 9 2
711 1373 5
711 32 2
711 1623 6
711 356 3
1678 1346 13
1678 1118 14
912 1668 7
912 713 6
912 375 4
912 63 6
912 893 6
912 1285 4
912 1520 7
912 1379 5
912 697 4
1668 1379 7
1668 454 7
1668 615 7
1668 809 7
654 915 2
654 346 3
654 272 4
654 142 4
654 963 5
654 87 4
654 513 3
654 353 4
654 596 4
654 701 6
654 619 3
654 302 4
654 1127 4
654 1248 4
654 652 2
654 810 4
654 1173 4
654 563 4
654 514 4
654 586 2
654 131 5
654 1045 4
654 644 2
654 95 2
654 632 2
654 498 4
654 738 2
654 413 2
654 32 3
654 620 2
654 1283 5
654 456 2
654 254 2
654 105 4
654 99 2
654 50 3
915 823 3
915 817 3
915 928 2
915 598 3
915 626 2
915 701 3
915 901 3
915 536 3
915 841 2
318 966 3
318 34 1
318 325 3
318 1543 16
318 1127 5
318 995 3
318 513 4
318 984 6
318 1736 12
318 1285 7
318 72 3
318 132 3
318 1601 21
318 1042 4
318 124 1
318 802 4
318 67 6
966 697 2
966 1171 4
966 323 3
966 368 3
966 852 5
966 314 3
966 52 5
966 1248 4
966 72 3
966 337 3
323 1044 3
323 725 5
323 181 2
323 1083 5
323 779 4
323 834 3
323 1036 4
323 339 4
323 728 2
323 1267 4
323 341 3
323 704 5
323 640 2
323 950 4
323 68 2
323 400 2
323 1339 5
323 642 2
323 646 2
323 325 4
323 298 4
323 124 1
323 105 4
323 643 2
323 1006 3
323 632 3
323 753 3
323 645 3
323 88 1
323 999 3
323 678 2
323 638 3
323 67 2
323 161 2
323 741 4
323 996 3
323 367 1
323 732 4
323 281 1
323 560 6
1044 758 3
1044 1402 5
1044 753 4
72 644 2
72 967 3
72 1317 5
72 283 3
72 701 2
72 1253 4
72 1765 13
72 1068 3
72 263 1
72 652 2
72 883 4
72 199 2
72 335 1
72 1316 6
72 71 0
72 337 1
72 942 2
72 392 4
72 1052 3
72 194 3
72 704 2
72 249 4
72 1124 4
72 325 1
72 688 2
72 1227 4
72 677 2
72 611 2
72 1792 16
72 303 6
72 857 2
72 683 2
72 30 1
72 430 10
72 861 2
72 124 0
72 1039 3
72 678 2
72 1283 5
72 291 1
72 106 0
72 1045 4
72 3 3
72 834 3
72 1223 4
72 583 2
72 596 2
72 398 4
644 753 2
644 995 5
644 1184 5
644 1749 11
644 626 10
644 145 6
644 220 2
644 1190 10
644 1234 4
644 143 13
644 154 2
644 312 10
644 1535 10
644 919 4
644 1295 5
644 97 4
644 1728 10
644 325 2
644 389 2
644 8 12
644 659 2
644 596 2
644 547 2
644 1279 4
644 481 4
644 1281 4
644 1402 5
644 1283 5
644 30 2
644 598 2
644 183 2
644 1648 7
644 518 2
644 719 3
644 314 10
644 1568 10
644 378 2
644 393 2
644 899 4
644 274 2
644 712 2
644 144 4
644 943 3
644 1253 4
644 1244 7
211 1742 11
211 1546 26
211 44 1
211 36 1
211 194 1
211 288 1
211 128 1
211 415 26
211 228 0
211 525 4
211 593 2
211 221 1
211 597 2
211 1 1
211 212 1
211 93 11
94 928 2
94 965 2
94 516 5
928 741 4
928 573 2
928 884 2
928 652 3
928 814 2
928 67 2
928 714 3
928 80 4
928 1562 6
928 999 3
928 296 3
928 194 2
928 184 2
928 1406 6
928 964 4
928 725 2
928 191 2
928 176 3
928 1520 6
928 1401 6
928 334 2
928 732 2
928 283 3
928 362 5
928 965 2
852 1775 14
852 276 6
852 704 2
852 249 10
852 442 6
852 851 2
852 400 2
852 1180 4
852 1543 16
852 1356 5
1775 1716 15
1775 67 14
1775 51 15
971 972 3
971 974 3
971 704 3
971 609 4
971 448 3
971 151 3
971 199 3
468 537 10
468 594 2
468 475 3
468 1647 7
468 1585 7
468 1748 13
468 277 2
468 830 2
468 502 2
468 329 6
468 272 4
468 1420 5
468 300 2
19 525 2
19 1130 4
19 639 6
19 1246 17
19 443 1
19 997 3
19 986 3
19 1181 13
19 233 0
19 114 2
19 598 2
19 8 13
19 859 2
19 593 2
19 527 1
19 1281 5
19 220 5
19 409 1
19 1313 14
19 1260 5
19 1207 4
525 1756 14
525 1811 18
525 249 10
525 51 2
525 32 10
525 1623 6
525 469 21
525 1246 4
525 214 1
525 1543 9
525 155 4
525 865 2
525 518 10
525 547 10
525 95 7
525 93 25
525 652 10
63 797 4
63 865 4
63 73 3
63 249 10
63 801 2
63 814 4
63 990 3
63 185 0
63 242 2
63 297 3
63 301 1
63 1174 5
63 127 0
63 290 1
63 963 2
63 1110 5
63 547 2
63 105 0
63 549 3
63 228 4
63 296 1
63 155 0
63 278 5
63 95 0
63 337 1
63 847 4
63 339 3
63 1520 10
63 770 3
63 32 1
63 706 5
63 385 2
63 26 5
63 332 3
63 1271 5
63 400 2
63 79 0
63 60 4
63 996 3
63 514 2
63 193 1
63 74 1
63 1310 4
63 560 4
63 949 2
63 494 18
63 199 0
63 67 1
63 430 1
63 313 2
797 1142 5
797 621 5
797 389 3
797 1269 5
797 204 5
797 128 5
797 454 2
797 1121 5
797 544 5
797 233 4
797 297 5
797 638 5
797 913 2
797 1207 5
797 277 6
199 445 2
199 713 4
199 823 2
199 1375 6
199 1509 16
199 1364 5
199 209 0
199 1060 3
199 1185 4
199 569 3
199 1739 10
199 1237 4
199 1050 3
199 1413 7
199 1105 4
199 975 3
199 546 4
199 858 2
199 1234 4
199 673 2
199 840 3
199 978 3
199 536 1
199 296 4
199 58 1
199 595 4
199 1255 7
199 652 4
199 949 2
199 212 2
199 1582 6
1282 1773 24
1282 1647 10
1282 1741 15
1282 1542 6
1282 1601 6
1282 1543 20
1282 221 6
1773 1253 14
1773 673 23
463 687 2
463 74 2
463 400 2
463 289 2
463 482 8
463 62 2
463 194 2
463 609 5
463 228 1
463 532 1
463 105 4
463 1004 3
463 469 1
463 1010 3
463 871 5
463 73 2
463 339 3
463 1009 3
463 1185 5
463 514 2
463 80 4
463 252 1
463 327 4
463 361 7
687 1004 3
687 753 4
687 638 2
687 823 2
687 757 2
687 1054 3
687 479 2
687 1056 3
687 409 4
687 473 3
687 1185 4
687 673 3
687 367 4
687 936 2
687 252 2
687 263 2
687 376 2
687 642 4
687 97 2
687 212 2
687 1281 5
687 640 4
687 438 7
687 481 2
687 298 4
687 713 4
687 283 2
687 194 2
687 783 2
687 598 2
687 639 2
687 277 4
687 785 2
687 573 4
687 128 2
687 950 2
687 1097 4
687 586 2
687 616 2
687 1440 8
62 343 2
62 598 4
62 389 1
62 215 0
62 393 2
62 949 3
62 454 1
62 1373 5
62 502 1
62 128 1
62 1190 5
62 60 1
62 422 2
62 481 1
62 1224 4
62 465 1
62 475 1
62 596 2
343 424 2
343 73 1
343 1242 4
343 386 2
343 338 4
343 755 2
343 317 2
343 790 2
325 1211 5
325 553 1
325 1158 5
325 1292 5
325 542 1
325 1281 5
325 1402 5
325 128 1
325 1283 5
325 482 1
325 645 2
325 713 3
325 783 2
325 583 2
325 598 4
325 1069 4
325 532 2
325 316 2
325 642 2
325 831 5
325 523 1
325 242 2
325 712 3
325 391 2
325 567 2
325 319 1
325 760 2
325 560 1
325 573 2
325 683 2
325 817 3
325 938 2
325 1059 4
325 1072 3
325 1248 4
325 194 2
325 632 2
325 874 2
325 513 1
325 326 5
325 823 2
325 625 2
325 1243 4
325 926 2
325 1181 4
325 1423 5
325 97 1
325 1049 3
325 607 2
325 378 1
325 61 1
325 437 2
325 479 4
325 549 1
325 1033 3
325 483 2
325 859 3
325 1169 4
1211 871 5
1211 1033 4
1211 32 4
1211 254 5
1211 1163 4
1211 1377 6
626 193 3
626 306 5
626 498 4
626 758 2
626 32 2
626 762 2
626 590 2
626 309 2
626 254 2
626 632 2
626 337 5
626 689 2
626 1173 4
626 636 2
626 99 2
626 50 3
626 95 2
626 856 2
626 1236 4
626 400 2
626 38 2
626 513 2
626 249 4
626 681 2
626 224 3
626 738 2
626 859 2
626 228 2
626 795 2
626 1523 6
626 73 2
626 733 2
626 582 6
626 514 2
626 1272 5
626 586 3
626 834 3
626 649 2
626 838 5
626 308 3
626 1269 5
686 924 2
686 498 2
686 1676 7
686 341 3
686 1168 5
686 667 3
686 1000 3
686 74 3
686 1270 7
686 492 24
686 770 2
686 719 2
686 950 4
686 1625 6
686 163 3
686 131 2
686 621 2
686 27 3
686 193 3
686 234 4
924 1158 4
924 68 3
924 830 2
1339 1489 10
1339 1491 5
1339 1546 6
1339 822 5
1339 90 5
1339 173 6
1339 1231 4
1339 1280 5
1339 1255 5
1339 1468 6
1339 1283 5
1339 1234 5
1339 576 5
1339 783 5
1339 1344 5
1339 296 5
1339 1402 5
1339 297 5
1339 474 5
1339 504 7
1489 878 6
1489 710 6
1489 1029 7
1489 1038 6
1489 249 7
1489 209 6
1489 1533 6
1489 1472 12
1489 482 6
1489 762 6
704 978 3
704 799 5
704 212 3
704 1395 5
704 1280 4
704 700 4
704 596 4
704 1403 5
704 776 2
704 302 5
704 377 4
704 598 4
704 712 2
704 1209 4
704 901 2
704 822 2
704 1400 5
704 958 2
704 1255 4
704 841 2
704 1138 5
704 1393 5
704 1248 4
704 1298 4
704 204 6
704 447 7
704 1247 4
704 1302 4
704 1183 4
704 943 3
704 919 2
704 1295 4
704 1297 5
704 32 2
704 1231 4
978 979 3
978 586 3
978 974 3
978 176 3
125 1796 17
125 131 5
1796 634 17
1796 1686 17
1796 1750 17
1796 1052 17
1796 95 16
1796 221 19
1796 1343 17
1796 224 17
1796 1716 17
1796 1127 17
1796 67 17
1472 1789 18
1472 697 22
1472 27 15
1472 817 5
1472 594 6
1472 396 18
1472 1748 15
1472 1565 6
1472 1346 10
1472 1238 14
1472 1029 7
1472 144 15
1472 949 7
1472 1184 6
1472 1375 5
1789 1771 18
1789 1686 18
1789 1052 18
1789 32 17
1789 456 19
1789 95 17
1789 681 17
1789 36 20
1789 105 17
319 349 1
319 95 12
319 317 1
319 1075 6
319 338 1
319 333 1
319 1127 15
319 438 16
349 8 1
349 655 2
349 391 1
349 511 2
349 97 1
349 147 2
349 32 4
349 297 1
873 144 3
873 224 2
263 454 1
263 588 2
263 257 1
263 337 2
263 513 2
263 405 1
263 647 2
263 132 2
263 449 4
263 277 1
263 332 1
263 32 1
263 642 2
263 389 1
263 378 1
263 391 1
263 272 2
263 393 2
263 503 1
263 316 1
263 212 1
263 176 1
263 315 1
263 317 2
263 495 2
263 308 1
263 297 1
263 409 1
263 840 2
263 479 1
263 281 1
263 472 1
263 527 2
263 344 1
263 762 2
454 308 1
454 338 2
454 992 3
454 242 2
454 1185 5
454 1669 11
454 725 5
454 496 1
454 249 2
454 733 2
454 546 4
454 1043 4
454 1340 5
454 777 4
454 482 10
454 673 2
454 448 3
454 1036 4
454 770 2
454 289 2
454 950 2
454 368 2
454 514 2
454 181 1
454 830 2
454 509 2
454 1127 4
454 1369 5
454 456 2
454 940 2
454 942 2
454 363 1
172 595 2
172 344 1
172 392 1
172 460 1
172 502 2
172 128 5
172 1748 14
172 1603 7
172 1724 26
172 296 3
172 495 5
172 840 4
172 277 4
172 1647 11
172 523 23
595 624 3
595 1526 6
595 567 2
595 1101 7
595 659 3
595 191 11
595 1037 3
595 176 3
595 308 4
595 338 3
595 193 2
595 321 2
595 660 2
595 509 3
595 590 3
595 252 3
713 919 4
713 124 3
713 629 3
713 105 3
713 1042 4
713 1165 4
713 749 2
713 1167 17
713 725 4
713 738 2
713 1101 4
713 727 2
713 740 2
713 242 2
713 1158 4
713 706 4
713 276 6
713 1052 5
713 1215 4
713 1283 5
713 87 4
713 733 3
713 615 3
713 1661 7
713 249 3
713 462 3
713 779 5
713 781 4
713 1036 3
713 1588 6
713 209 2
713 950 3
713 842 2
713 1326 7
713 1018 3
713 1381 5
713 1528 6
713 339 7
713 271 5
713 567 3
713 714 2
713 67 13
713 716 2
713 546 7
713 363 2
713 214 4
713 95 3
713 762 3
713 1756 17
713 1059 4
713 1127 4
713 940 3
713 1263 4
713 1373 5
713 321 2
713 400 2
713 1186 5
713 1441 5
713 878 7
713 999 3
713 1241 4
713 666 4
713 696 18
713 479 3
713 1311 5
713 1379 6
713 9 3
713 884 3
713 994 5
713 1185 4
713 998 3
919 332 5
919 1283 5
919 1514 7
919 1520 7
919 1317 5
919 870 6
919 1248 4
919 51 2
919 303 6
919 733 6
919 50 4
919 874 5
919 1598 7
919 249 7
8 164 0
8 32 1
8 771 2
8 346 9
8 1756 14
8 403 1
8 834 4
8 84 0
8 99 2
8 1522 6
8 1799 17
8 624 2
8 395 1
8 1000 3
8 254 0
8 430 11
8 58 0
8 1285 11
8 9 13
8 1238 10
278 883 6
278 1248 4
278 27 2
278 308 5
278 1039 6
278 1215 4
278 638 2
883 326 6
883 245 6
883 1442 7
97 542 1
97 289 1
97 181 2
97 104 2
97 1043 4
97 726 2
97 847 2
97 352 1
97 407 4
97 770 2
97 400 2
97 228 0
97 338 1
97 1748 21
97 327 1
97 98 0
97 509 1
97 194 2
97 559 2
97 266 1
97 871 16
97 308 1
97 994 4
97 1480 5
97 68 1
97 934 2
97 252 1
97 9 0
97 1167 22
97 124 5
542 1292 5
542 621 2
542 389 2
542 546 3
542 788 2
542 548 1
542 204 5
542 368 1
542 607 2
542 741 2
542 783 2
542 596 2
542 543 1
542 598 2
542 460 2
542 840 3
542 1216 4
542 128 2
542 1594 6
542 549 4
542 1033 3
542 314 4
542 1158 4
542 61 1
542 1070 4
542 495 4
542 1072 3
542 504 3
542 583 2
542 638 3
542 513 1
542 1069 4
542 379 5
542 697 3
542 245 5
542 567 2
542 760 5
542 252 2
542 1059 4
542 297 3
542 753 2
542 1103 3
32 598 2
32 640 2
32 708 2
32 1005 3
32 1260 4
32 818 16
32 1878 25
32 281 4
32 523 5
32 1196 4
32 283 2
32 393 10
32 527 1
32 1132 4
32 219 7
32 1255 4
32 1068 3
32 1081 6
32 155 0
32 1807 18
32 144 0
32 1312 7
32 1675 10
32 1488 10
32 683 4
32 938 3
32 375 2
32 67 10
32 1127 4
32 443 11
32 940 2
32 377 14
32 632 2
32 379 4
32 1791 16
32 636 2
32 799 4
32 128 5
32 249 10
32 3 0
32 317 4
32 1190 4
32 185 0
32 1234 4
32 308 1
32 429 1
32 1731 10
32 926 2
32 673 19
32 1183 5
32 378 1
32 1546 6
32 1238 14
32 1227 4
32 1042 3
32 237 0
32 358 4
32 1647 8
32 1781 15
32 1231 4
32 184 1
32 547 6
32 681 2
32 105 4
32 118 4
32 1099 3
32 991 3
32 1167 23
32 1785 15
32 175 0
32 430 1
32 109 0
32 9 0
32 177 0
32 474 2
32 1642 7
32 1655 9
32 1831 19
32 1281 5
32 1217 4
32 291 1
32 1580 7
32 546 4
32 1285 15
32 1395 5
32 1463 5
32 1 26
32 1021 7
32 792 5
32 1034 3
32 1036 5
32 220 4
32 462 3
32 1093 3
32 638 4
32 1577 6
32 88 0
32 209 1
598 194 2
598 560 4
598 209 4
598 90 4
598 573 4
598 124 2
598 337 2
598 367 4
598 870 5
598 1033 5
598 469 2
598 980 4
598 582 5
598 346 5
598 84 4
598 567 2
598 652 2
598 482 2
598 546 2
598 487 4
598 27 5
598 1474 5
598 1032 5
598 603 5
598 259 2
598 353 5
598 834 3
598 1093 5
598 1403 5
598 475 5
598 1216 4
598 1379 5
598 1071 4
598 128 5
598 1262 5
598 488 5
598 1576 6
598 303 7
598 67 2
598 1070 4
598 830 2
598 252 2
598 1006 5
598 1303 4
598 523 4
598 1562 6
598 878 3
598 400 2
598 351 2
598 68 2
598 289 2
598 502 5
598 794 2
598 298 5
598 249 4
964 1332 5
964 1202 4
964 212 3
964 800 4
964 609 5
964 555 3
964 638 2
964 160 4
964 590 3
964 733 6
964 105 4
1332 27 12
1332 53 7
1332 1313 15
1332 1545 11
1332 298 7
1332 1342 15
1332 1246 17
1332 1255 4
1332 1781 15
1332 1585 17
1332 1565 23
1332 1395 24
1332 1437 5
1332 537 10
1332 1312 20
1332 1436 15
1332 1178 25
1332 495 7
1332 523 18
950 1346 5
950 1093 3
950 239 2
950 392 3
950 495 4
950 297 3
950 1132 4
950 429 3
950 389 5
950 513 3
950 353 4
950 517 2
950 341 3
950 405 3
950 1665 7
950 840 2
950 893 3
950 1284 6
950 823 3
950 1281 4
950 1402 5
950 1283 5
950 815 4
950 913 2
1285 1387 10
1285 1644 11
1285 1565 7
1285 3 7
1285 1021 5
1285 176 7
1285 389 7
1285 27 7
1285 1000 21
1285 1509 11
1285 447 8
1285 975 7
1285 1313 7
1285 475 5
1285 1792 16
1285 1365 7
1285 52 8
1285 393 17
1285 544 7
1285 708 11
1285 1217 7
1285 474 12
1285 638 5
1285 1132 11
1285 1771 16
1285 1190 7
1387 1313 5
1387 1434 7
1387 105 6
1387 1344 7
1387 847 7
1387 1535 10
1387 9 7
1387 1312 7
1387 95 10
590 596 4
590 638 4
590 893 4
590 840 2
590 346 3
590 440 1
590 212 3
590 835 2
590 408 4
590 513 2
590 402 2
590 639 3
590 641 2
590 194 4
590 753 3
590 371 3
590 439 2
590 514 2
590 1060 3
590 555 2
590 681 2
590 1033 3
590 583 2
590 975 3
590 388 2
590 649 2
596 388 2
596 782 4
596 50 4
596 1153 4
596 724 4
596 289 2
596 57 2
596 193 4
596 119 2
596 622 2
596 73 3
596 1004 3
596 254 2
596 733 4
596 1179 4
596 400 2
596 994 5
596 249 4
596 1284 4
1123 1325 5
1123 507 5
1123 1036 5
1325 983 5
1325 1326 4
1325 1283 5
1325 1036 5
144 1004 3
144 1017 3
144 1756 17
144 1556 6
144 1127 4
144 456 1
144 1758 13
144 645 4
144 834 3
144 1111 3
144 9 0
144 1500 7
144 805 3
144 1436 18
144 189 3
144 996 3
144 1185 4
144 193 1
144 105 0
144 99 1
144 1783 15
144 991 3
144 430 11
144 142 2
144 975 3
144 121 3
144 359 1
144 1527 6
144 398 1
144 290 1
144 224 4
144 479 3
144 88 0
144 281 1
144 283 1
144 3 13
144 1022 3
144 338 1
1004 308 3
1004 1008 3
1004 815 3
1004 1056 4
1004 194 3
1004 60 4
1004 212 3
1004 1103 4
1004 908 4
1004 991 3
1004 783 3
1004 1032 3
1004 302 4
1004 639 3
1004 277 3
1004 128 5
1004 394 3
1004 831 3
1004 437 3
297 1283 5
297 830 2
297 777 3
297 337 2
297 834 2
297 513 3
297 131 1
297 640 4
297 176 2
297 884 2
297 321 2
297 1381 5
297 334 5
297 234 2
297 327 3
297 448 3
297 560 5
297 573 2
297 683 2
297 498 2
297 999 3
297 678 2
297 254 5
297 733 3
297 1001 4
297 814 3
297 482 1
297 252 3
297 871 7
297 484 3
297 242 2
297 272 2
297 609 3
297 422 1
297 602 2
297 615 4
297 1583 6
297 778 5
297 249 4
297 714 3
297 727 2
297 1158 4
297 283 2
1283 593 8
1283 1136 5
1283 1270 5
1283 1402 5
1283 142 5
1283 1264 4
1283 389 5
1283 1580 7
1283 1540 7
1283 753 5
1283 353 4
1283 334 5
1283 368 5
1283 298 5
1283 470 5
1283 975 5
1283 475 5
1283 560 5
1283 1167 5
1283 128 5
1283 603 5
1283 1326 5
1283 1383 5
1283 835 5
1283 586 5
1283 699 5
1283 254 5
1283 561 5
1283 576 5
1283 1138 5
1283 1168 5
1283 802 5
1283 1281 4
1283 523 5
1283 1373 5
1283 306 5
1283 317 5
1283 1617 6
1283 1260 5
1283 513 5
1283 700 5
1283 409 5
1283 1302 5
1283 1315 5
1283 1169 5
1283 758 5
1283 1359 5
1283 422 5
1283 1295 5
1283 90 5
1283 1350 5
1283 1297 5
1283 337 5
1283 1246 5
1283 801 5
1283 252 5
1283 1280 5
1283 1097 5
639 400 2
639 498 4
639 1033 5
639 980 5
639 714 5
639 160 5
639 388 3
639 105 14
639 401 2
639 84 3
639 212 2
639 1438 5
639 1433 5
639 993 5
639 586 5
639 878 5
639 1054 3
639 1289 5
639 994 5
638 758 2
638 571 2
638 373 4
638 269 4
638 881 3
638 870 2
638 830 2
638 643 2
638 940 2
638 753 2
638 766 2
638 1492 5
638 252 2
638 95 2
638 1186 4
638 242 2
638 385 2
638 74 2
638 1124 4
638 400 2
638 1045 3
638 1300 4
638 68 4
638 289 2
638 939 2
638 1370 5
638 1049 3
638 996 3
638 1480 5
638 481 2
638 511 4
638 462 2
638 51 2
638 160 2
638 1042 3
638 388 3
638 609 4
638 560 2
638 520 2
638 991 3
638 341 2
638 725 4
638 105 4
638 1235 4
638 1158 4
638 984 3
638 84 3
638 567 2
638 546 4
638 225 5
638 176 3
638 779 3
638 913 2
638 726 2
638 540 3
638 308 2
638 110 2
638 1080 3
638 1093 3
638 651 2
638 719 2
638 640 2
638 1326 5
638 697 2
638 498 5
638 266 2
638 479 2
638 778 4
638 1317 4
638 646 2
638 622 3
638 439 3
758 74 2
758 321 2
758 400 2
758 741 2
758 479 2
758 509 2
758 681 2
758 398 4
758 762 2
758 712 2
758 50 5
758 834 3
758 642 2
758 1619 6
758 1317 5
758 298 5
758 683 4
758 728 2
758 643 2
758 646 2
758 753 2
758 440 4
52 368 2
52 328 1
52 249 11
52 497 5
52 1042 5
52 681 2
52 105 5
52 1543 21
52 1235 5
52 309 2
52 652 13
52 95 1
52 1269 5
52 646 2
52 1185 7
52 1508 5
52 749 5
52 762 5
52 509 5
52 67 5
52 201 1
52 940 2
52 1237 7
368 371 2
368 359 1
368 549 4
368 483 1
368 401 2
368 482 2
368 460 1
368 162 2
368 594 2
368 394 1
368 294 1
368 309 1
368 367 1
368 404 2
368 514 2
368 340 1
368 441 1
368 236 1
368 388 2
368 221 1
368 300 2
368 194 1
368 288 1
368 992 3
368 1236 4
642 1402 5
642 652 2
642 1338 5
642 90 2
642 781 2
642 367 2
642 774 2
642 721 2
642 474 2
642 212 2
642 697 14
642 640 3
642 547 4
642 481 2
642 36 15
642 475 2
642 753 5
642 766 2
642 418 2
642 673 2
642 1346 10
642 809 14
642 234 23
642 479 3
1402 1319 5
1402 423 5
1402 1185 7
1402 640 5
1402 481 5
1402 249 5
1402 224 5
1402 560 5
1402 322 5
1402 1018 5
1402 1539 7
1402 667 5
1402 1235 5
1402 865 5
1402 339 5
1402 586 5
1402 810 5
1402 418 5
1402 1272 5
1402 95 6
1402 1083 5
1402 425 5
1402 1379 5
1402 994 5
1402 68 5
1402 498 5
1402 1619 7
1402 1447 6
1402 1269 5
1402 254 5
1402 124 5
1402 105 5
1402 1556 6
1402 993 5
599 770 2
599 289 2
599 1381 5
599 998 3
599 68 2
599 105 3
588 440 1
588 513 2
588 846 2
588 496 2
588 560 2
588 1019 3
588 953 3
588 540 2
588 1185 4
315 778 5
315 993 5
315 994 5
315 777 5
315 840 5
778 277 4
778 974 4
778 1029 7
778 128 5
778 1384 5
778 439 5
778 306 5
400 822 5
400 835 2
400 81 5
400 1255 7
400 224 2
400 358 3
400 220 2
400 392 2
400 443 1
400 173 2
400 819 2
400 766 2
400 700 2
400 621 2
400 513 2
400 1681 7
400 447 3
400 823 2
400 502 1
400 570 2
400 504 1
400 517 2
400 495 2
400 1555 6
400 429 1
400 673 2
400 543 2
400 85 3
400 1416 6
400 853 2
400 168 2
400 734 2
400 396 1
400 428 1
400 683 2
400 311 3
400 859 2
400 371 2
400 109 3
400 1343 8
400 659 2
400 1598 8
400 1169 12
400 286 2
400 474 2
400 676 2
400 973 3
400 799 2
400 314 3
400 601 2
400 1142 6
400 592 2
400 114 3
400 607 2
400 541 2
400 783 2
400 391 3
400 1280 10
400 583 2
400 475 6
400 70 2
400 774 2
400 721 2
400 776 2
400 710 18
400 402 2
400 712 2
400 901 2
822 1642 7
822 727 10
822 751 6
822 700 7
822 652 3
822 67 7
822 819 2
85 124 0
85 1083 6
85 1326 6
85 953 3
85 1434 10
341 1181 4
341 1423 5
341 1280 4
341 1792 17
341 793 6
341 353 4
341 1338 5
341 1395 11
341 307 4
341 475 21
341 1093 4
341 697 2
341 831 5
341 578 2
341 701 4
341 1132 4
341 1255 5
341 1138 5
341 1072 3
341 1373 5
1181 9 4
1181 254 4
1181 317 5
1181 779 4
1181 219 6
1181 249 4
1181 492 22
1181 160 10
1181 620 10
1181 1545 6
1181 1184 4
1181 569 4
1181 105 4
1181 469 21
1181 131 25
1181 1667 10
1181 615 5
1181 1083 4
1756 1781 20
1756 474 14
1756 483 15
1756 1675 20
1756 1565 21
1756 1375 19
1756 1629 20
1756 105 16
1756 286 16
1756 503 17
1756 1255 17
1756 1485 16
1756 1436 16
1756 1403 13
1756 1644 13
1756 1312 13
1756 1346 16
1130 34 4
1130 1272 7
1130 652 12
1130 214 10
1130 193 7
1130 1526 7
308 333 1
308 237 2
308 311 1
308 1118 4
308 146 5
308 317 2
308 1056 3
308 561 2
308 792 4
308 726 4
308 739 2
308 1346 11
308 1601 7
308 306 4
308 422 3
308 435 1
308 68 1
308 281 1
308 545 4
308 1042 4
308 371 2
308 615 4
308 549 1
308 1517 6
308 967 18
308 835 4
308 540 1
308 220 1
308 60 1
308 254 1
308 586 2
308 520 3
308 105 4
308 1463 5
308 1641 7
308 823 2
308 1762 13
308 783 3
308 272 3
308 583 2
308 332 3
308 523 4
308 336 1
308 155 2
308 701 4
308 316 1
308 1068 3
308 373 1
308 1312 6
1176 30 4
1176 26 5
1176 856 4
1346 1868 23
1346 1500 11
1346 393 10
1346 719 11
1346 1009 11
1346 296 10
1346 9 13
1346 1314 5
1346 518 11
1346 1667 11
1346 367 11
1346 346 11
1346 1783 15
1346 1688 10
1868 1338 23
1868 1872 22
1868 719 22
1868 1548 25
36 93 0
36 44 14
36 770 2
36 1269 5
36 3 6
36 1 7
36 1127 4
36 940 2
36 189 1
398 1836 20
398 1260 4
398 701 5
398 782 2
398 337 7
398 105 5
398 771 4
398 1013 3
398 1136 5
398 465 1
398 828 22
398 447 11
398 502 1
398 27 14
398 1676 19
398 1291 4
398 1359 5
398 1781 20
398 1730 21
398 483 5
398 354 5
398 1237 21
398 1644 19
398 546 4
398 1397 16
398 317 5
398 134 1
398 405 1
398 132 5
398 479 5
1836 1540 21
1836 1362 24
1836 1839 21
1836 699 20
1836 1291 21
1836 1724 22
1836 536 21
191 540 3
191 236 0
191 429 9
191 913 2
191 405 1
191 365 2
191 237 0
191 1097 4
191 347 1
191 765 2
191 536 1
191 175 0
191 874 2
191 1021 5
191 396 1
191 495 4
191 1060 3
191 376 1
191 1049 4
191 501 3
191 121 0
191 371 2
191 815 3
191 239 2
191 1420 5
191 738 2
540 538 1
540 502 5
540 334 5
540 1226 4
540 1349 5
540 667 4
540 990 3
540 1542 7
540 616 2
540 739 2
540 1104 3
540 439 2
540 615 23
540 306 2
540 1142 11
540 309 3
540 831 2
540 754 3
540 495 1
540 365 1
540 571 1
1292 555 5
1292 1423 5
504 771 2
504 586 2
504 1740 12
504 1167 5
504 337 3
504 1406 5
504 131 3
504 289 2
504 353 5
504 1517 6
771 783 3
771 364 2
771 224 2
771 337 2
771 473 2
771 988 3
771 1406 5
249 1647 8
249 734 7
249 1231 4
249 547 4
249 483 15
249 725 5
249 1343 7
249 1585 10
249 61 10
249 474 2
249 1655 7
249 1644 10
249 518 11
249 1136 4
249 1580 7
249 1138 5
249 1648 7
249 843 10
249 1395 10
249 779 3
249 1021 5
249 1142 11
249 592 10
249 394 10
249 1619 7
249 708 6
249 1568 7
249 1260 4
249 389 7
249 523 5
249 1304 4
249 1238 10
249 809 10
249 393 10
249 1561 6
249 569 10
249 1629 6
249 582 10
249 503 15
249 163 2
249 1255 4
249 1739 11
249 44 3
249 1673 10
249 868 11
249 1244 7
249 212 10
249 1312 7
249 615 4
249 1246 4
249 1488 11
249 1730 10
249 861 2
249 1426 8
249 621 7
249 1118 8
249 447 7
249 502 7
249 1485 5
249 801 6
249 1540 7
249 1111 10
249 561 11
249 1542 10
249 495 10
249 1344 11
249 783 5
249 1280 10
249 475 10
249 1724 12
249 719 5
204 1539 6
204 615 4
204 1783 20
204 181 3
204 498 3
204 667 3
204 482 1
204 1269 5
204 725 3
204 714 5
204 1576 6
204 212 5
204 346 5
204 509 5
204 777 3
204 456 1
209 594 4
209 365 1
209 299 1
209 527 1
209 1255 4
209 823 4
209 194 0
209 583 3
209 991 3
209 355 1
209 429 1
209 242 1
594 90 2
594 535 4
594 475 2
594 277 4
594 882 3
594 765 2
594 752 6
594 1038 5
365 311 1
365 79 1
365 95 1
365 448 2
365 399 1
365 289 1
388 761 2
388 721 2
388 306 4
388 835 2
388 514 2
388 439 3
388 245 5
388 513 2
388 636 2
388 346 3
388 627 3
388 882 2
388 212 1
388 681 3
388 408 2
388 1019 3
388 405 4
799 1362 9
799 1608 7
799 994 5
799 1667 10
799 1475 5
799 523 18
799 1748 13
799 302 10
799 514 2
1362 606 7
1362 193 13
1362 1406 10
1362 1878 24
1362 1608 6
1362 1748 14
95 1246 4
95 938 2
95 621 10
95 1118 6
95 44 14
95 447 9
95 1859 22
95 1808 18
95 561 6
95 1865 23
95 983 3
95 299 6
95 1238 10
95 371 2
95 868 15
95 1365 6
95 859 5
95 175 2
95 168 0
95 1580 6
95 1393 6
95 1839 21
95 592 2
95 1452 14
95 1403 18
95 345 3
95 697 21
95 712 2
1246 1750 17
1246 456 5
1246 1310 4
1246 99 6
1246 1386 5
1246 719 4
1246 834 4
1246 1542 17
1246 547 4
1246 1601 22
1246 224 5
1246 228 4
1246 801 4
1246 963 4
1246 1400 5
1246 1281 5
841 848 2
841 792 2
841 475 4
841 1446 5
841 415 7
841 1006 5
841 90 6
356 792 4
356 543 3
356 335 1
356 1255 4
356 1501 6
356 1419 5
356 1420 5
356 474 4
356 1281 5
356 843 5
792 131 5
792 576 5
792 903 2
792 1006 5
792 1274 5
792 1190 22
792 339 2
792 276 5
792 1413 5
792 228 3
792 1036 5
538 289 1
538 224 18
538 781 4
538 1065 6
538 567 2
538 193 2
538 615 17
538 317 5
538 546 5
538 1783 18
462 26 3
462 1638 7
462 282 2
462 1255 5
462 339 3
462 299 2
462 393 3
462 274 1
462 1281 5
462 1646 7
462 913 2
462 675 2
835 1245 4
835 492 2
835 514 2
835 448 3
835 725 4
835 289 2
835 296 2
835 9 2
835 303 2
835 1063 3
835 986 3
835 261 5
942 1118 5
942 393 6
942 1422 5
942 377 6
942 1342 16
942 871 3
1118 1236 4
1118 1667 14
1118 1601 22
1118 1034 4
1118 1231 4
1118 681 4
1118 9 14
1118 1052 4
1118 303 6
1118 105 5
1118 770 4
1118 640 4
1118 834 4
1118 749 5
1118 794 11
1118 1543 26
1118 560 4
1255 1349 5
1255 1113 4
1255 1342 7
1255 285 4
1255 9 13
1255 1522 7
1255 1335 4
1255 1403 5
1255 1568 7
1255 980 5
1255 124 10
1255 105 14
1255 984 5
1255 1334 4
1255 1042 7
1255 423 5
1255 161 13
1255 1694 7
1255 970 10
1255 234 7
1255 447 7
1255 1158 7
1255 741 7
1255 509 7
1255 1786 16
1255 1231 7
1255 1359 7
1255 1737 11
1255 878 4
1255 67 4
1255 714 5
1255 546 6
1255 1543 16
1255 1653 7
1255 847 17
1349 1183 15
1349 257 5
1349 366 5
1349 1062 5
1349 1281 5
1349 474 5
1423 733 6
1423 1033 5
1423 1669 11
1423 176 5
1423 1377 5
1423 1158 6
27 967 18
27 430 11
27 1598 6
27 1158 7
27 652 3
27 1162 4
27 953 2
27 1876 24
27 1009 11
27 582 13
27 1079 10
27 87 4
27 1686 14
27 949 2
27 456 1
27 995 13
27 271 15
27 794 3
27 1425 5
27 620 2
27 9 2
27 996 3
27 479 3
27 105 17
27 481 3
27 1220 22
967 193 7
967 549 6
967 620 6
967 90 6
1316 1543 18
1316 1657 7
1316 503 4
1316 1039 5
1316 586 4
536 615 4
536 1783 21
536 492 24
536 1224 4
536 782 2
536 1657 21
536 422 1
536 423 4
536 882 2
536 884 3
536 765 2
536 193 7
536 336 1
536 1240 4
536 285 1
536 509 1
536 1543 23
536 993 5
536 1127 4
536 927 2
536 940 2
536 933 7
536 733 6
536 994 4
536 1236 4
536 430 10
536 921 2
536 289 1
536 532 1
615 1213 4
615 277 3
615 652 10
615 329 7
615 1256 4
615 840 5
615 1190 5
615 1579 6
615 765 2
615 474 7
615 1072 4
615 245 10
615 740 2
615 823 4
615 422 4
615 569 5
615 105 17
615 616 2
615 1425 5
615 1117 4
615 1042 3
697 779 4
697 1034 4
697 719 4
697 1018 4
697 361 7
697 1517 21
697 425 5
697 29 2
697 1319 23
697 1070 3
697 1864 23
697 1127 4
697 645 3
697 808 20
697 1076 3
697 1052 14
697 469 4
697 73 2
697 1852 24
697 741 2
697 127 4
697 214 10
697 640 2
697 487 4
697 923 4
697 1783 20
697 870 4
697 1543 16
697 725 3
697 549 4
697 782 4
697 475 2
573 1665 7
573 245 5
573 184 2
573 242 2
573 840 2
573 389 5
573 1436 6
573 298 4
573 393 7
1665 1576 7
1665 878 7
1665 482 7
1665 1113 7
1665 509 7
1665 1029 7
1665 423 7
1665 176 7
1665 1158 7
1862 601 23
1862 1869 22
1236 726 4
1236 339 4
1236 1259 4
1236 645 4
1236 1237 5
1236 252 4
1236 1153 4
1236 706 5
1236 640 4
1236 719 4
1236 487 4
1236 532 4
1236 277 4
1539 1649 7
1539 378 7
1539 1647 7
1539 1452 6
1539 1069 7
1539 154 7
1539 523 6
1539 1021 7
1539 753 7
1783 1183 19
1783 1231 19
1783 710 21
1783 244 21
1783 1781 17
1783 1831 20
1783 1730 17
1783 1626 21
1783 221 19
1783 1675 18
1783 673 19
1783 1280 26
1783 1344 24
1783 1585 15
1783 1724 15
1113 840 5
1113 3 4
1113 1182 4
1113 437 7
1113 710 10
1113 135 7
1113 576 5
1113 823 4
1113 70 4
1113 815 4
1113 1214 4
1113 1647 8
1113 1343 7
1113 1468 8
1113 544 7
1113 495 4
1113 233 4
1113 1395 10
1113 1131 5
1113 783 5
1113 353 5
1113 1568 7
1113 1436 10
1113 990 8
1113 1493 6
1113 128 5
193 1565 17
193 502 1
193 302 1
193 101 16
193 1540 8
193 1546 7
193 233 1
193 1647 7
193 483 3
193 1343 7
193 355 1
193 1215 4
193 1646 7
193 843 11
193 282 6
193 658 3
193 118 4
193 823 3
193 708 3
193 1434 11
193 389 1
193 523 4
193 378 4
193 393 9
721 782 2
721 777 2
721 321 2
721 923 2
721 867 2
721 781 2
782 483 2
782 701 5
306 503 5
306 439 5
306 509 3
306 555 5
306 570 4
306 616 4
306 871 5
306 1117 4
306 305 1
306 309 5
306 408 4
306 1228 4
306 212 3
306 843 5
306 272 5
306 777 3
306 1019 3
306 1274 5
306 592 2
306 394 4
306 783 2
306 952 5
503 128 5
503 352 5
503 272 5
503 74 1
503 1562 18
503 469 21
553 456 1
553 51 1
424 495 1
495 823 6
495 3 5
495 1630 6
495 585 1
495 884 4
495 1381 5
495 831 2
495 1185 4
495 1066 4
495 1000 3
495 68 4
495 800 3
495 560 3
495 815 4
495 1433 5
495 1367 5
495 549 1
495 181 1
495 498 1
495 1050 3
495 456 10
495 254 2
495 933 6
495 546 4
495 1043 5
495 1406 10
495 794 5
495 1049 4
495 741 6
495 127 12
495 121 4
495 646 5
495 714 5
495 1213 5
495 586 4
1260 645 5
1260 254 4
1260 725 4
1260 142 4
1260 719 4
1260 87 4
1260 1042 4
1260 67 5
1565 296 15
1565 492 21
1565 620 6
1565 1679 7
1565 124 10
1565 176 7
1565 1564 6
1565 1543 9
1565 1252 6
1565 1657 8
1565 933 6
1565 652 16
1565 3 7
1565 67 7
371 789 2
371 377 1
371 636 2
371 289 1
1750 1799 17
1750 1542 17
1750 1231 15
1750 1881 24
1750 561 17
1750 1168 16
448 973 3
448 392 3
448 840 3
448 831 3
448 712 3
448 272 2
448 402 3
448 513 3
448 823 2
448 194 3
448 561 3
448 809 3
448 569 3
448 244 2
448 817 3
973 254 7
733 1142 5
733 893 6
733 576 4
733 1313 6
733 447 6
733 1306 5
733 938 5
733 859 2
1142 1320 5
1142 1269 5
1142 1185 7
1142 990 4
1142 752 5
1142 1415 10
1142 176 5
1142 1368 5
1142 1058 4
1142 1043 6
1142 1517 6
975 1543 21
975 176 3
975 609 4
975 509 4
975 539 3
975 939 3
975 296 3
975 481 3
9 1313 6
9 1062 3
9 1196 4
9 1198 4
9 1132 4
9 569 1
9 1308 13
9 142 2
9 683 2
9 67 13
9 1545 7
9 1655 13
9 194 1
9 788 2
9 1839 21
9 1731 10
9 1467 13
9 1280 4
9 1647 7
9 1781 22
9 899 22
9 1343 10
9 1642 7
9 1752 12
9 1644 7
9 1338 5
9 1580 7
9 1648 7
9 1637 7
9 282 1
9 1265 5
9 1190 4
1313 507 5
1313 1312 4
1313 456 18
1313 569 5
1313 1034 14
1313 483 6
1313 1434 5
1313 1014 6
1313 67 6
1313 1406 5
1313 1079 25
1313 1403 7
1313 1579 6
105 1021 3
105 337 4
105 475 4
105 288 4
105 708 5
105 576 5
105 899 4
105 1625 18
105 701 4
105 1132 4
105 569 4
105 140 17
105 1308 17
105 1444 6
105 1312 15
105 1675 16
105 212 4
105 61 1
105 938 4
105 1127 19
105 456 21
105 135 0
105 498 4
105 995 17
105 621 4
105 1373 5
105 128 4
105 317 4
105 1727 10
105 1487 15
105 561 18
105 1168 14
105 739 4
105 367 4
105 180 18
105 56 0
105 1724 16
105 358 15
105 1781 16
105 494 15
105 415 19
105 1730 17
105 1033 4
105 1543 16
105 859 5
105 175 4
105 1585 15
105 606 4
105 44 0
105 474 5
105 1831 20
105 1644 14
105 652 16
105 1083 5
105 1338 5
105 1771 16
1021 1104 4
1021 547 4
1021 981 3
1021 322 6
1021 939 4
1021 1508 6
1021 701 4
1021 878 6
1021 646 4
1021 176 3
1021 1199 5
1021 1422 5
840 1241 5
840 309 4
840 1043 4
840 1340 5
840 1032 4
840 352 5
840 303 2
840 337 3
840 716 3
840 514 4
840 346 3
840 725 2
840 706 5
840 1031 4
840 142 4
840 176 3
840 334 2
840 555 3
840 332 4
840 777 2
840 415 3
840 609 3
840 539 2
840 667 3
840 1186 4
840 1441 5
840 701 3
840 586 2
840 254 4
840 714 3
840 1185 4
840 1066 4
840 74 2
840 317 3
840 1167 4
840 1105 7
840 724 2
1241 1219 5
1241 277 5
26 1014 3
26 1383 5
26 823 2
26 53 3
26 1033 5
26 1281 5
26 645 3
498 393 2
498 501 3
498 1068 3
498 881 3
498 815 2
498 753 4
498 874 2
498 1050 5
498 869 3
498 864 5
498 985 3
498 449 3
498 389 3
498 1158 4
498 194 2
498 1072 5
498 228 4
498 823 2
498 256 2
498 649 2
498 3 4
498 378 4
498 831 2
332 908 5
332 1393 5
332 352 1
332 527 3
332 281 2
333 1227 4
333 317 4
333 314 1
333 329 1
1676 1580 7
1676 233 11
1676 1881 24
1676 415 19
1676 183 20
1013 1253 7
1013 1312 6
1013 673 3
1013 1291 26
1013 1365 7
1013 465 6
1013 233 11
1253 781 4
1253 1744 13
1253 673 12
1253 812 15
1253 1227 5
1253 50 4
1253 1284 4
1253 272 7
1253 1343 7
1253 640 4
1253 1765 13
1253 1272 7
1253 1461 5
1253 1287 4
1253 1408 7
1253 586 4
1253 674 14
1253 1168 20
1253 1365 7
621 470 2
621 834 2
621 1280 5
621 719 2
621 958 4
621 593 3
621 830 2
621 1373 7
621 194 2
621 224 17
621 1647 7
393 1190 5
393 1111 4
393 1601 7
393 800 3
393 291 1
393 738 5
393 1585 20
393 87 2
393 1657 7
393 1516 6
393 834 2
393 394 1
393 54 2
393 963 4
393 1686 8
710 1373 5
710 1562 10
710 492 22
710 245 18
710 610 6
710 727 10
710 1281 22
710 1270 8
710 539 23
710 970 14
710 699 10
710 67 14
710 1517 20
710 1686 14
710 1382 5
1373 1792 17
1373 753 5
1373 1295 5
1373 1405 6
1373 354 5
481 1284 4
481 387 2
481 396 2
481 586 4
481 1648 7
481 378 2
481 838 5
481 517 2
481 479 1
481 252 1
481 233 1
481 50 4
481 376 2
481 992 3
481 429 2
481 783 3
1284 194 5
1284 1127 4
1284 131 5
1284 1187 4
1284 585 4
1284 994 4
1284 1588 6
1284 285 5
1284 824 5
1284 1326 5
1284 1105 5
1284 714 4
1284 793 4
1284 50 5
1284 578 6
1284 346 4
1284 353 4
1284 1213 5
405 508 1
405 497 1
405 793 2
405 777 3
405 1507 6
405 514 2
405 456 1
753 984 3
753 425 4
753 74 2
753 1100 3
753 479 2
753 1271 5
753 1033 3
753 712 2
753 131 2
753 719 2
753 834 3
753 1302 5
753 1317 5
753 73 2
753 652 3
753 567 2
753 646 2
753 1433 5
781 1136 7
781 50 4
781 1314 6
781 755 4
781 408 5
781 1317 5
781 1042 4
781 3 6
781 1279 5
781 1281 5
781 1287 4
781 281 4
781 1038 4
781 1280 4
781 296 2
781 1403 5
781 1018 4
781 739 4
1072 1725 10
1072 800 5
1072 1066 5
1072 34 3
1072 809 5
1072 560 3
1072 1033 3
1072 29 3
1072 482 3
1072 1080 3
1072 830 3
1072 1297 5
1072 878 4
1072 1158 5
640 1103 4
640 474 4
640 783 2
640 389 2
640 712 2
640 701 3
640 175 2
640 576 5
640 475 4
640 543 2
338 1302 4
338 348 1
338 1244 6
1158 1594 6
1158 1217 7
1158 1033 4
1158 437 4
1158 1136 4
1158 1377 6
1158 1497 12
1158 152 4
1158 474 11
1543 1724 10
1543 1675 16
1543 302 17
1543 475 6
1543 592 7
1543 1848 21
1543 1582 17
1543 1312 17
1543 1540 21
1543 282 6
1543 483 16
1543 1343 17
1543 1831 19
1543 809 9
1543 443 16
1543 1879 24
1543 886 25
1543 1870 22
1543 1395 25
1543 1804 17
1543 1280 10
1543 874 16
1543 1487 25
1543 561 17
1724 1488 24
1724 1127 16
1724 674 15
1724 1315 19
1724 1237 22
1724 303 16
1724 516 15
1724 1791 16
1724 1852 22
1724 127 12
1724 1786 16
1724 785 23
1724 749 17
302 1174 4
302 214 1
302 674 2
302 155 4
302 119 1
302 652 2
302 281 1
302 296 2
302 128 5
302 403 7
302 254 1
302 1185 4
302 1187 4
302 1000 3
302 74 1
302 749 4
302 509 1
302 456 1
302 51 1
302 449 1
302 497 1
302 1238 4
1174 1132 4
1174 502 4
1174 700 4
1174 547 4
337 649 2
337 583 2
337 272 4
337 509 5
337 700 6
337 142 5
337 1168 5
337 673 2
337 367 7
337 1042 4
337 281 2
337 1598 8
337 474 5
337 220 2
337 1648 7
337 777 2
337 254 1
74 874 2
74 379 1
74 680 2
74 561 2
74 607 2
74 378 1
74 44 0
74 316 2
74 592 1
74 73 0
74 396 1
74 708 2
74 389 2
74 635 2
74 527 1
865 708 6
183 234 2
183 956 2
183 289 2
741 1655 7
741 474 2
741 1280 4
741 212 2
479 413 5
479 1546 22
479 683 5
479 314 3
479 788 2
479 1540 22
479 317 1
479 1018 5
479 1033 4
479 358 1
479 220 2
479 90 2
479 367 4
479 1338 5
479 1184 5
479 474 2
479 212 2
1 135 0
1 1626 6
1 3 5
1 132 20
1 255 0
1 312 4
1 477 1
1 1655 13
1 652 17
1 856 6
1 161 7
1 44 7
1 1014 3
1 1271 4
1 281 8
1 30 0
1 1312 21
1 1675 16
1 146 1
135 1486 7
135 1356 7
135 124 0
135 133 0
61 940 3
61 68 1
61 1721 10
940 708 2
940 151 3
940 913 2
995 1749 13
995 346 3
995 1644 13
289 212 1
289 149 2
289 460 2
289 649 2
289 517 2
289 1126 4
289 389 2
289 391 1
289 569 2
289 1807 20
289 449 1
289 429 2
289 673 2
289 600 2
90 56 0
90 1006 5
90 269 4
90 257 5
938 68 3
938 1034 3
938 1265 6
938 1396 5
938 1323 4
938 423 5
938 87 3
938 201 3
938 67 3
571 128 1
571 652 2
189 307 5
189 859 2
189 1291 5
189 34 4
189 712 2
189 483 11
189 44 2
189 708 2
307 777 3
307 1183 4
307 309 4
307 317 2
194 422 2
194 303 1
194 1097 4
194 80 4
194 228 4
194 283 2
194 296 1
194 1279 4
194 353 4
194 516 2
194 652 3
194 1270 4
194 344 1
194 465 3
194 586 2
194 949 3
194 509 3
194 1127 6
194 456 1
194 181 3
194 203 2
194 271 3
194 755 2
194 836 2
194 515 2
194 770 2
194 706 4
194 60 1
194 277 3
194 173 3
194 884 2
194 334 2
194 376 3
194 99 2
194 312 1
194 567 4
194 1185 4
194 206 0
194 131 3
194 560 4
194 1178 4
194 991 3
194 683 2
194 817 3
194 375 2
194 980 6
194 1101 4
194 121 3
194 619 2
194 234 2
194 355 2
194 1406 5
194 482 2
194 913 2
194 847 2
194 794 3
422 391 2
422 449 1
422 285 1
422 394 2
422 1060 3
422 673 2
422 386 3
422 1281 5
422 1041 4
422 389 2
1256 1680 7
1256 740 4
1256 800 4
1256 706 4
992 373 3
992 555 3
992 317 4
992 926 3
992 545 3
430 220 11
430 857 4
430 164 1
474 1644 7
474 951 2
474 1758 14
474 834 3
474 124 2
474 1792 16
474 67 14
474 1310 4
474 749 4
474 689 2
474 1786 15
474 646 2
474 163 5
474 242 7
1644 1698 13
1644 492 22
1644 224 22
1644 520 7
1644 1686 14
1644 1018 10
1644 1866 24
1644 1329 10
1644 652 23
1644 271 15
1644 878 10
1644 1304 7
1644 67 7
1644 546 7
1644 214 9
1644 140 16
1644 1079 25
1644 949 7
1644 620 9
1644 456 20
1644 1754 12
1644 1619 21
1644 124 9
1644 812 7
1644 1623 7
1644 1758 14
1644 346 11
1401 1509 5
1401 794 5
1509 352 6
1509 1440 6
1509 1179 6
1509 1356 6
1509 470 5
1509 1669 13
1598 1039 7
1598 1548 6
1598 1487 7
1598 214 7
1598 327 6
1598 1281 6
1598 1655 8
1598 1522 6
1598 1344 7
124 712 2
124 109 0
124 447 6
124 449 6
124 114 1
124 396 1
124 1234 5
1811 1814 18
1647 724 12
1647 1297 7
1647 1608 7
1647 1657 8
1647 84 7
1647 878 7
1647 482 10
1647 198 7
1647 494 15
1647 1688 10
1647 714 11
1647 1440 8
1647 544 10
1647 233 14
1647 821 7
1647 242 7
1647 1132 12
1647 1669 11
1647 749 14
560 1280 6
560 908 5
560 1629 6
1280 1287 4
1280 1892 25
1280 1167 22
1280 1786 16
1280 1033 5
1280 727 13
1280 1403 5
1280 1326 5
1280 725 5
1280 1585 18
1280 847 18
1280 281 4
1280 1738 13
1280 497 5
1280 1317 5
1280 1667 13
1280 1272 6
1280 1038 7
1280 834 4
1280 547 5
1280 1281 5
299 1175 6
299 321 2
299 34 1
299 1083 4
299 399 1
299 254 2
299 705 2
893 994 5
893 68 6
893 509 5
893 993 5
724 523 2
234 1231 7
234 1244 7
234 309 7
234 1778 15
234 220 6
234 1136 7
234 1312 7
234 1248 4
234 53 7
234 166 0
234 583 2
234 1183 4
234 391 1
234 50 4
1231 1667 7
1231 1359 5
1231 1601 7
1231 1286 5
1231 552 4
1231 67 5
1231 1281 5
1231 1168 14
1231 367 4
1231 984 10
1231 1252 4
1231 1738 11
339 493 2
339 212 3
339 913 2
339 256 2
339 286 2
339 1000 5
339 1426 6
339 245 5
493 128 1
413 659 2
413 683 2
413 212 1
413 53 7
1190 1568 6
1190 254 6
1190 50 5
1190 1488 12
1190 1111 9
1190 1723 10
1190 281 5
1190 394 6
1568 1569 6
1568 394 6
1568 1042 7
1568 1585 7
1033 1355 5
1033 1594 6
1033 1209 4
1033 1585 6
1033 765 3
1033 576 5
1033 1435 5
1033 823 3
1033 1188 4
1033 1443 5
1033 1377 5
1033 1056 3
1033 1137 5
1033 1381 5
1033 437 3
1033 1281 5
1355 1183 5
346 977 3
346 1616 7
346 1629 21
346 817 4
346 1248 4
346 1734 10
346 1749 11
346 1353 5
346 345 1
346 220 4
346 366 5
492 708 2
492 712 2
492 817 3
492 145 22
492 429 25
708 224 2
708 812 6
708 1500 10
708 57 2
708 473 2
708 834 2
708 770 2
708 719 2
708 1075 3
708 281 7
708 949 6
1317 507 5
1317 1417 5
1317 50 7
1317 652 6
1317 3 12
1317 1244 4
73 926 3
73 252 2
73 991 3
73 652 4
73 1646 7
73 658 2
73 389 2
73 391 2
73 142 3
73 212 2
73 379 3
629 899 4
629 128 2
1343 1517 17
1343 283 7
1343 415 17
1343 1286 5
1343 582 10
1343 3 13
1343 1619 23
1343 1359 6
1343 281 7
1343 1342 6
1343 1406 7
1343 212 11
1343 276 7
1517 1562 15
1517 1786 17
1517 1037 6
1517 601 6
1517 1440 6
652 389 3
652 513 3
652 322 3
652 214 3
652 574 2
652 585 21
652 761 3
652 831 3
652 954 3
652 1629 10
652 394 5
652 190 3
770 114 4
770 44 2
770 396 2
770 277 2
770 802 5
770 484 2
770 475 2
949 1068 3
949 913 2
949 1648 7
1068 834 3
1068 674 3
1068 1334 5
353 1717 10
353 1772 15
353 725 5
353 793 4
353 298 6
353 482 5
353 645 5
353 1326 4
353 1187 4
353 1365 5
353 296 4
353 392 4
353 1062 5
353 1183 5
353 261 5
1717 908 10
328 581 6
1039 1227 7
1039 131 3
1039 1042 3
1039 254 3
1039 67 4
1039 1632 7
1039 132 4
1039 801 4
1227 1018 4
1227 1127 20
1227 1237 4
1227 1238 6
1227 50 4
1227 1117 4
1227 1185 4
482 555 2
482 3 5
482 142 3
482 389 1
482 532 1
482 901 2
482 1217 4
482 766 2
482 823 2
482 878 4
482 761 2
482 1005 3
482 1548 10
555 562 1
555 856 5
555 391 2
555 1281 5
555 212 3
555 1019 3
555 513 3
555 3 4
1244 296 4
1244 620 6
1244 1287 5
1727 1749 11
1727 1183 10
1727 1069 11
1727 143 11
1749 361 17
56 154 0
56 345 1
56 340 1
56 68 0
56 57 0
56 171 0
56 214 0
154 719 2
154 547 2
1319 438 7
734 727 2
734 1667 7
734 131 2
283 853 2
283 277 3
283 1338 5
283 1393 5
283 843 5
283 766 2
283 583 4
283 815 3
283 375 1
283 1556 6
283 445 2
283 248 1
494 1440 15
494 1860 22
494 429 15
494 1436 16
494 389 6
1440 1105 5
1440 1748 14
1440 1183 5
1440 1075 6
1440 1540 6
1440 288 5
1440 43 5
1556 1281 6
1556 1732 10
1556 1545 7
1556 1586 6
1556 1577 6
1546 1786 18
1546 67 6
1546 1875 24
1546 1619 6
983 1079 20
983 1441 5
983 985 3
983 1272 5
983 176 3
1079 1344 25
1079 1078 3
1079 868 25
1079 1881 24
1079 674 25
1079 282 10
554 673 2
554 527 1
673 1403 19
673 88 2
673 725 4
673 415 19
673 1557 25
673 254 2
673 1587 20
445 296 2
445 614 4
853 514 4
853 1034 4
853 838 2
853 881 4
1138 1367 5
1138 1416 5
1138 296 5
1138 939 4
1138 1379 5
1138 1381 5
1138 254 5
1367 1485 7
1367 1412 5
51 466 1
51 523 1
51 3 1
51 215 0
51 267 0
51 324 1
51 561 1
51 1436 19
51 70 0
51 314 1
51 294 1
51 601 2
51 913 2
51 288 1
51 101 0
466 392 1
132 162 10
132 3 0
132 449 2
132 1487 15
132 1491 7
132 312 10
132 846 6
132 30 0
132 1014 3
132 589 2
162 30 3
162 161 0
162 851 3
252 456 1
252 766 5
252 783 3
252 387 2
252 1018 4
252 389 1
252 765 3
252 391 3
252 1000 3
252 242 3
252 757 2
252 935 2
252 1056 4
252 616 2
252 376 2
252 1103 4
252 1338 5
456 449 1
456 457 1
456 501 1
456 1132 18
456 294 1
456 1127 19
456 143 1
456 1542 19
456 389 1
456 1097 19
456 396 1
456 394 2
1183 1354 5
1183 1356 5
1183 288 4
1183 376 6
1183 1225 4
1183 1361 5
389 727 2
389 619 3
389 1413 7
389 1281 5
389 667 3
389 467 1
389 303 1
389 1630 7
389 361 7
389 29 2
389 242 2
389 236 1
389 1576 6
389 1688 7
389 1059 4
389 830 2
389 509 1
389 184 2
389 609 5
389 1042 4
389 68 1
727 561 3
1335 1359 5
1335 1342 5
1335 1403 5
1335 1006 5
1335 1117 5
1335 1694 7
1359 1018 5
1359 1399 5
1359 1342 6
1359 1694 7
394 576 4
394 212 1
394 738 4
394 676 2
394 1582 6
394 429 7
394 131 3
394 586 3
394 317 3
394 522 2
394 177 2
394 1298 4
394 1111 4
576 254 4
576 212 2
576 1167 4
576 575 1
576 1488 5
576 885 4
762 1497 6
762 513 2
762 562 2
762 142 2
762 1585 6
762 402 4
762 1496 6
762 627 2
1497 1594 6
259 1732 10
259 242 2
259 256 0
868 1893 25
868 1876 24
868 1557 26
868 1866 24
1050 1146 4
1050 939 4
823 1369 5
823 80 5
823 548 2
823 29 2
823 869 2
823 242 2
823 1032 4
823 277 3
823 1576 7
823 1268 5
823 567 3
823 546 3
823 149 4
823 296 2
823 1185 4
823 998 4
823 824 2
823 309 2
823 814 4
823 239 3
181 765 3
181 316 2
181 180 0
181 783 3
181 355 2
181 766 3
181 396 2
1103 939 4
1103 440 4
1103 425 4
1103 309 4
1667 1312 7
1667 1579 12
1667 53 7
1667 537 11
1667 523 7
1667 447 8
1667 843 11
1019 1136 4
1019 676 3
1019 402 3
1019 439 3
1136 739 4
1136 50 4
1136 29 4
1136 1270 4
1136 719 4
1136 1052 7
1136 586 4
1136 254 5
1136 233 11
269 1045 4
1491 1786 16
1491 847 23
212 1507 6
212 757 2
212 627 4
212 321 2
212 376 1
212 765 2
212 760 2
212 305 1
212 439 2
212 309 2
212 678 2
212 1054 3
212 236 2
212 1056 7
212 480 1
212 416 1
212 1168 5
212 1289 4
212 532 3
212 303 1
212 88 1
212 712 2
212 67 2
212 646 3
1093 1206 4
1093 1132 4
1093 701 3
1093 523 3
551 859 2
551 83 1
551 1117 4
859 1522 6
859 1403 5
859 547 7
859 725 5
847 1675 16
847 1488 18
847 152 18
847 913 6
847 1781 23
847 1521 6
847 101 3
847 818 16
847 1578 6
847 561 12
847 1434 17
847 809 9
847 843 17
847 358 5
847 1132 20
1675 1601 21
1675 1657 22
1675 582 7
1675 1042 20
1675 67 12
1424 1427 5
1424 1114 6
1424 1167 6
634 988 3
1168 1298 5
1168 1540 8
1168 683 5
1168 317 5
1168 1792 16
1168 520 4
1562 1434 10
1562 898 16
1562 809 11
1042 1338 12
1042 1648 7
1042 143 3
1042 67 3
1042 34 4
1042 681 5
1042 1056 4
1042 145 4
1042 220 6
1042 712 4
1042 1792 17
1042 527 3
1042 1730 12
1042 1281 5
1014 312 4
1014 30 4
1014 277 4
1014 1487 6
1014 1194 4
1014 1046 3
1014 851 3
1014 592 3
101 370 4
101 198 4
101 184 0
101 118 4
101 100 0
101 282 3
101 176 3
101 88 0
101 514 2
101 1002 3
101 68 0
101 34 0
101 271 1
370 568 1
370 1617 7
370 765 2
830 1748 17
830 364 2
830 1426 6
830 277 2
830 913 2
830 765 2
830 549 3
830 1340 5
830 952 2
1748 1406 11
1748 1075 13
1748 384 15
1748 67 11
1748 970 13
219 1594 6
219 1127 4
311 1037 3
311 254 1
311 50 1
311 567 3
311 399 1
311 317 3
311 321 2
593 228 2
593 1619 7
1338 1601 21
1338 1052 14
1338 878 5
1338 67 5
1338 1815 18
1338 254 5
601 851 3
392 475 2
392 261 5
392 321 1
392 514 2
392 228 1
392 502 1
392 1054 3
392 1315 4
392 739 2
392 127 1
392 998 3
392 1295 5
392 30 1
475 203 6
475 870 4
475 1167 4
475 496 1
475 127 2
475 1105 4
475 142 3
475 678 2
475 214 2
475 176 2
475 546 3
475 603 3
475 1036 3
475 415 4
475 75 1
475 266 2
475 1273 4
475 591 1
475 418 2
475 1066 4
475 363 1
475 1741 24
475 821 3
475 68 2
1127 1771 14
1127 1083 5
1127 1291 4
1127 449 4
1127 1603 16
1127 296 5
1127 1585 16
1127 818 17
1127 152 4
1127 1203 4
1127 1137 4
1127 547 5
1127 1383 5
1127 298 4
1127 322 5
1127 1169 5
1127 997 15
815 1066 4
815 364 2
815 993 3
815 423 4
815 1022 3
815 609 4
815 277 4
815 939 4
815 176 3
815 996 3
1066 277 4
1184 442 6
1184 317 5
1184 1508 6
1184 60 5
1184 367 5
1184 1052 4
1184 1522 7
881 999 3
881 245 5
881 1218 4
881 1090 3
881 402 3
881 1249 4
281 314 1
281 316 1
281 1312 7
281 317 2
281 561 3
281 1271 4
281 358 4
281 1110 4
281 1281 7
281 1648 7
281 254 1
281 67 3
281 402 1
314 731 5
314 834 5
314 228 1
314 1185 6
314 131 3
387 386 1
1287 1083 5
1287 1281 5
725 1217 4
725 952 3
725 719 5
725 1132 4
725 1336 4
725 1261 4
725 635 6
547 1037 5
547 143 12
547 838 5
547 1443 7
547 1566 6
547 1434 5
547 1018 4
547 1169 4
1248 817 4
1248 60 4
1248 367 4
1248 50 4
1248 29 4
1248 131 4
1248 1100 4
1354 128 5
1354 908 5
501 241 1
501 236 1
358 719 3
358 88 1
358 1686 14
358 991 5
358 254 4
719 1655 13
719 635 2
719 1648 7
719 712 2
719 1771 16
719 913 2
719 1036 5
719 838 2
719 109 3
719 220 5
719 802 2
1772 1395 14
856 1117 5
856 1398 15
1117 1507 6
1117 1060 5
1117 1295 5
257 1178 4
257 298 5
257 142 4
257 1555 7
257 809 6
726 316 2
88 427 2
88 220 0
88 3 1
88 701 3
427 426 1
649 723 2
649 513 2
649 514 2
723 513 2
1601 143 22
1601 1616 6
1601 1781 21
1601 220 6
1601 1636 7
1601 1690 7
1601 1383 7
1601 1859 22
442 1247 4
442 1041 3
442 143 3
442 635 3
34 324 1
34 313 1
34 502 2
34 802 2
34 155 3
34 843 2
34 335 1
34 282 3
34 592 2
34 583 2
34 288 4
34 761 2
507 1036 6
309 765 2
309 712 4
309 391 2
309 1508 6
309 520 6
309 245 5
309 1182 4
309 1131 4
309 1186 4
309 502 1
309 80 4
309 913 2
309 1467 8
309 798 2
309 848 2
309 352 1
1642 1881 24
1642 1297 7
1642 819 7
1642 1406 7
1881 1052 24
359 460 1
1626 312 17
908 352 6
131 1281 5
131 1379 5
131 439 2
645 1302 5
645 274 2
415 1737 11
415 1121 4
415 329 1
415 142 4
415 244 2
415 997 3
1737 1408 11
1737 1513 11
1737 1639 21
81 1434 10
81 176 5
497 277 5
244 808 2
244 586 2
244 142 3
926 941 2
926 1077 3
783 793 5
783 843 2
783 1032 4
783 38 2
783 1025 3
783 785 3
783 362 10
783 609 3
783 509 7
783 1213 5
783 586 3
783 1186 4
783 933 3
783 242 9
783 871 3
783 1381 5
783 939 3
783 321 2
783 68 3
783 998 3
783 160 3
783 1741 11
793 785 2
793 1383 5
793 776 2
793 1215 6
701 326 5
701 1051 4
701 1185 4
701 732 3
701 60 3
701 254 2
701 50 4
701 858 2
701 1034 3
701 224 4
701 1579 6
701 1000 3
701 997 4
701 317 6
3 814 2
3 1784 15
3 618 2
3 68 2
3 312 12
3 488 3
3 180 18
3 1110 5
3 1585 14
3 487 4
3 221 1
3 1510 7
3 155 0
3 44 6
3 1577 6
3 385 2
3 1807 18
3 146 20
352 1358 5
1281 487 5
1281 225 5
1281 140 17
1281 155 5
1281 683 5
1281 831 5
1281 1291 4
1281 814 5
1281 1429 5
1281 1274 5
1281 1356 5
1281 317 5
1281 1771 14
1281 1463 5
1281 1397 5
1281 1344 5
1281 1762 13
1281 516 7
1281 50 5
1488 518 6
1488 1888 24
1488 298 18
1771 1788 16
1771 1681 25
1771 1297 16
562 439 5
765 226 2
765 407 3
765 1328 5
765 84 3
765 568 2
765 651 2
765 532 5
765 362 3
765 609 5
765 882 2
765 871 3
765 425 2
765 321 2
765 933 3
44 1406 15
44 1866 24
44 1800 17
44 1542 17
44 1852 22
44 1669 14
44 290 1
1406 1185 7
1406 1744 11
1406 1224 6
1406 1603 7
1406 809 7
1406 843 5
423 447 20
1758 167 14
440 1384 7
440 513 1
440 1131 4
440 1215 4
440 1540 7
440 1097 4
440 523 4
766 321 2
303 316 1
303 513 5
303 1535 21
303 1548 6
303 167 10
303 1215 6
326 688 5
326 552 6
1716 1308 13
943 752 5
321 242 2
321 616 2
321 300 2
321 277 2
321 280 2
321 460 1
321 754 2
305 521 5
1413 1444 5
1413 1381 5
1413 509 5
1413 552 8
1413 997 5
1413 1219 5
1413 544 7
1413 800 8
1413 1585 7
1444 1062 5
50 1463 5
50 288 1
50 1616 6
50 386 1
50 755 4
50 1131 4
50 1540 7
50 1487 5
50 1100 3
50 376 1
50 296 4
1463 60 5
1225 1393 10
1393 1364 5
1393 1365 5
1393 1180 6
805 807 2
805 821 2
177 1009 7
177 514 2
177 180 0
1009 537 11
502 1397 18
502 1018 3
502 752 2
502 1438 5
502 567 2
502 1233 4
502 176 1
502 1049 4
502 970 7
502 128 5
1522 1616 6
1522 569 7
1522 537 7
1522 220 6
1522 1580 7
1522 809 7
1616 254 7
1616 812 7
1616 1173 6
1616 1252 7
1616 582 7
831 981 3
831 1049 5
831 1031 3
831 1270 7
831 1199 6
831 871 3
831 939 4
831 994 5
831 1187 5
831 1686 18
831 980 3
981 817 6
586 616 2
586 513 3
586 517 3
586 1097 5
586 145 6
586 1107 3
586 402 3
586 1029 3
586 396 4
586 952 2
586 460 3
586 378 4
586 1065 3
1005 878 3
1005 546 4
1436 1734 10
1436 518 18
1436 361 7
1436 421 6
1436 582 10
1436 176 12
1167 483 6
1167 809 18
1167 429 19
1167 1540 21
761 747 2
1043 1585 6
1043 236 3
316 777 2
316 714 5
316 327 2
316 509 2
316 390 1
316 496 2
316 355 1
777 429 3
777 513 2
777 795 2
777 843 2
777 277 2
777 176 3
777 1639 7
777 537 7
777 377 5
142 1415 5
142 1575 10
142 329 4
142 997 3
142 1121 4
1415 128 5
1415 1425 5
30 161 4
30 404 2
1655 1641 7
1655 1669 12
1655 1397 12
439 795 2
439 952 5
439 514 4
439 176 3
439 636 2
712 834 2
712 705 2
712 1398 5
712 214 2
712 1037 3
834 513 2
834 313 3
834 175 5
834 1196 4
834 866 2
834 1365 5
834 168 2
834 1234 4
483 821 5
483 1224 4
128 569 4
128 934 2
128 749 5
128 1409 5
128 738 5
128 980 5
128 685 2
128 606 5
128 236 1
128 612 5
128 548 5
128 1153 5
128 779 7
128 242 4
128 715 2
128 970 7
128 1267 5
128 706 4
128 1381 5
128 221 1
128 1510 5
128 1378 7
128 1006 5
128 324 1
128 878 4
1493 1584 6
1493 714 6
1493 1474 12
1493 1656 10
1493 176 11
1648 1052 7
1648 963 7
1648 1619 7
1270 832 7
1270 1097 7
1270 537 7
870 1312 7
870 523 5
1312 1434 5
1312 1545 7
1312 127 12
1312 1185 7
1312 1344 6
1312 1656 7
549 286 1
549 794 2
549 523 3
152 1153 4
152 993 5
1365 1412 5
1365 643 5
1365 810 7
1412 810 5
344 254 2
245 334 5
245 699 2
245 1264 4
245 60 5
245 163 5
334 523 19
334 1442 5
334 1603 6
375 1185 4
375 68 2
375 296 2
375 496 2
375 248 1
375 603 2
375 884 6
375 944 5
391 84 3
391 609 2
391 667 3
391 68 3
810 1540 6
810 145 17
810 175 13
810 233 6
810 735 6
1540 1738 10
1540 1744 11
1540 1669 11
1540 994 6
1540 518 7
1540 367 7
1540 714 6
1540 29 6
1540 1700 21
1540 1179 6
1540 1520 11
53 1657 7
53 1018 3
276 735 6
437 625 2
625 534 2
625 662 2
625 945 2
683 577 5
683 824 5
683 379 2
683 646 2
683 67 2
814 925 2
814 47 2
814 913 2
814 603 2
254 396 1
254 277 3
254 378 1
254 874 2
254 986 4
254 561 2
254 1234 4
254 739 4
254 1216 5
254 659 5
254 1279 5
254 408 2
254 1215 4
396 425 1
396 407 1
396 378 1
396 67 1
396 214 1
396 399 1
801 313 2
175 224 4
175 1814 18
175 214 0
175 1421 5
224 1854 22
224 220 1
242 1217 5
242 1178 4
242 180 4
242 429 1
242 913 2
242 236 1
1217 322 6
1217 1018 5
1217 473 6
1217 1344 19
378 812 11
378 994 6
378 67 1
378 425 1
378 407 3
812 523 18
667 658 3
667 1435 5
1786 1344 15
1403 67 20
1403 1485 7
1403 1272 5
818 1269 7
818 620 27
818 1542 16
1781 469 21
1781 1852 22
1781 67 15
1781 140 17
312 1728 10
312 851 11
1269 544 5
1269 523 7
1269 1375 5
1269 1223 5
1269 932 5
291 520 3
520 443 22
520 1792 17
1580 1545 7
1580 1352 6
1580 1386 6
1580 1508 7
1580 1586 7
1580 155 7
1580 518 7
997 1425 5
1878 1864 24
1878 1730 24
952 1326 5
952 1328 5
1326 1029 7
1326 1268 5
1326 58 6
1034 1166 4
1034 379 5
143 201 1
143 1619 21
143 1037 3
537 939 4
537 1228 7
537 878 11
939 1040 4
939 364 3
939 460 3
751 1578 7
1738 233 11
1049 523 3
1356 1421 5
1185 1383 6
1185 587 4
1185 277 4
1185 899 4
1185 627 4
1185 1350 5
517 714 5
517 709 3
517 1065 3
517 616 3
517 1588 6
714 1587 6
714 438 5
714 843 5
714 460 4
714 1400 5
714 1376 5
67 1417 5
67 451 3
67 607 2
67 809 5
67 180 18
67 1603 6
67 657 17
67 901 2
67 1657 7
67 788 11
67 282 2
67 1344 14
67 1137 4
67 534 1
67 523 5
67 215 1
67 69 6
1417 1262 5
1417 752 6
272 273 1
272 509 1
272 632 2
1340 609 5
1340 1029 7
817 104 5
817 509 3
817 176 3
817 1199 4
1608 1475 6
635 1433 6
473 620 2
620 874 12
620 1487 10
620 288 2
620 1792 16
620 233 6
1196 155 6
1196 669 4
779 581 3
779 809 4
779 1308 7
779 627 4
514 1102 4
514 1350 5
514 386 2
514 1398 5
514 376 2
514 513 1
514 256 2
1018 1173 4
1018 288 5
1018 1585 6
1018 220 4
1097 609 5
1097 884 3
1097 285 5
1097 127 3
523 585 18
523 706 5
523 1814 18
523 176 5
523 496 2
523 228 6
523 990 3
523 1032 5
523 609 7
523 1592 18
523 791 2
1219 706 4
345 518 2
345 1058 3
795 913 3
795 1025 3
795 1384 5
795 681 2
913 484 3
913 884 2
913 548 3
561 1177 4
561 1669 11
561 176 4
561 38 6
561 1310 5
282 66 6
282 109 3
282 1364 6
120 222 1
120 119 0
120 75 0
120 488 2
120 118 0
484 706 2
80 609 5
80 1041 4
80 277 4
575 1031 5
1860 993 24
453 516 1
516 296 3
518 735 6
518 298 6
991 1094 4
991 986 3
991 286 3
1224 1321 5
1000 1035 3
1000 296 3
1000 418 3
1000 1040 3
1000 84 3
1000 109 3
1000 286 3
1000 1003 3
1545 1586 6
1545 1576 7
1545 809 13
513 627 2
513 798 2
513 1101 4
513 990 3
513 509 2
513 785 3
513 545 1
513 589 2
569 29 6
569 1679 7
569 800 4
569 606 2
749 317 5
749 1487 6
749 1383 5
749 173 2
317 1171 5
317 1120 4
317 680 2
317 1111 4
317 739 2
317 367 5
317 477 4
317 1534 6
317 408 3
583 821 16
583 1542 18
583 739 2
583 214 1
583 509 3
583 754 2
487 658 2
236 407 1
236 509 1
236 1421 5
236 239 1
239 1328 6
990 706 5
990 658 3
990 277 3
203 866 3
91 1237 4
1237 1029 7
1237 843 5
1237 871 4
198 1321 4
198 1302 4
198 809 14
1032 1186 4
1032 1056 3
658 163 2
658 1110 3
658 1479 6
658 496 2
658 884 3
658 351 2
277 1213 4
277 176 3
277 271 3
277 1741 12
277 1688 7
277 993 4
277 1186 4
277 1054 4
277 871 3
277 794 2
185 186 0
1294 903 5
163 986 6
429 1720 20
429 1700 20
429 1669 12
429 160 10
247 248 0
248 603 2
248 374 1
616 794 2
616 509 2
616 962 3
546 1041 3
546 460 5
546 544 5
546 532 5
546 809 3
220 266 2
220 1310 4
220 646 2
220 1686 7
266 449 1
1297 903 4
1375 1474 5
567 602 2
567 544 4
567 47 2
567 1060 3
606 1510 5
606 1502 6
788 1573 6
788 681 2
788 728 2
1548 878 10
984 1636 7
876 1091 4
296 295 1
296 355 2
296 1083 4
699 1374 5
699 959 11
699 1264 4
1518 1523 6
1518 944 6
1037 447 3
1037 233 3
1041 75 3
1669 1434 7
1669 1670 7
1669 1585 18
609 607 2
609 836 3
609 386 2
609 1182 4
609 151 3
609 1056 4
364 509 2
364 993 4
364 532 2
288 294 1
288 470 4
288 1162 4
592 545 5
592 871 11
592 622 2
592 509 2
592 377 5
543 418 4
884 901 3
1110 1434 5
1328 545 4
1328 1421 5
1328 285 4
1344 1852 22
1344 1690 7
1344 1434 17
1852 1865 23
643 1371 5
1585 1368 7
1585 176 10
1585 1582 6
509 1839 21
1342 1081 17
285 843 5
659 660 2
607 728 2
878 1637 7
878 1069 5
878 438 5
1029 1746 11
1029 1741 18
963 1105 5
1052 1238 14
1052 1792 21
1052 1002 25
1052 1859 22
1238 1272 10
447 395 6
447 1866 24
447 1064 25
1198 127 12
1198 898 4
1381 794 5
1381 1383 5
785 786 2
1792 221 17
1792 1310 16
1434 1679 10
1434 1535 6
1434 732 5
1434 1379 5
221 1323 6
221 161 0
221 1561 6
738 1504 6
119 168 1
145 933 6
145 994 4
407 461 2
407 425 2
1040 1045 3
706 1383 7
706 800 4
706 740 5
460 934 2
460 608 2
681 109 7
681 988 3
681 1839 21
681 402 4
843 1553 7
843 1606 10
843 871 7
1310 1575 6
1310 802 4
1575 735 6
1132 1425 5
1132 1686 18
548 1059 7
800 740 5
800 1154 5
903 754 4
903 933 2
298 1353 7
298 970 13
228 121 1
228 304 1
449 1520 7
140 201 1
140 574 2
176 1474 5
176 603 2
176 1001 3
176 1056 3
176 1302 5
176 864 5
986 1425 5
986 752 3
1500 1447 6
402 1173 4
402 632 2
1173 731 7
1173 1573 6
1173 60 4
1173 1172 4
1100 1215 6
994 1298 4
994 993 3
994 1395 5
826 925 2
1700 1839 21
1839 1397 21
1657 1641 7
1657 300 7
1657 1730 10
1686 1395 14
1383 1542 7
627 545 2
20 275 1
794 1161 4
361 809 7
361 864 7
527 746 2
527 923 4
68 173 2
68 1214 4
993 864 5
469 1629 25
469 806 2
294 1397 6
1111 1582 6
1720 1408 9
544 511 5
544 923 5
980 1603 19
443 29 1
443 1409 10
1603 1653 7
1105 1409 5
75 313 1
155 233 6
70 944 5
70 385 1
70 674 15
819 829 2
1290 1677 7
674 1865 23
1474 1793 18
379 1433 5
379 432 1
1487 1520 11
1487 161 7
1487 1673 7
732 958 4
732 233 2
58 811 3
811 376 2
1752 1831 20
409 563 6
809 1379 7
809 1240 11
809 127 12
828 96 2
1508 1521 6
1234 1254 4
1234 227 4
1056 1186 4
29 1302 5
408 290 4
324 329 1
324 1537 6
329 1537 6
329 1510 10
755 377 3
273 1002 4
273 522 1
1808 1876 25
871 1060 5
700 1289 7
1409 167 10
1060 1187 5
953 954 2
1520 1036 6
1520 1879 26
1520 1513 7
386 399 1
386 790 2
401 776 2
401 773 2
720 274 2
899 271 6
233 127 12
127 313 1
151 602 3
1395 421 5
421 1069 6
421 545 5
1302 1315 4
1302 678 4
1302 1126 4
1746 1730 11
1429 1572 6
1572 1712 11
774 824 2
418 580 1
313 38 1
882 921 2
882 532 3
184 698 2
1797 1798 17
838 632 5
1468 1235 6
376 824 6
485 1421 8
1421 362 5
728 1573 7
1629 1619 7
477 1271 4
477 1329 5
477 526 1
970 1641 7
970 1513 10
1641 1619 7
1741 1391 13
1741 1673 13
1800 1801 20
1801 1802 17
1447 1570 6
161 1673 7
1437 1454 6
1274 1358 5
1274 1273 4
1271 1329 4
545 1047 4
399 76 1
824 731 5
824 1496 5
1646 1299 7
300 384 1
1214 933 4
201 410 1
433 434 1
1553 1552 6
274 597 2
735 790 3
958 959 2
1003 1199 4
1076 1082 4
1502 1503 5
76 258 1
1080 1207 4
187 1897 26
1621 1663 7
589 666 5
10 1258 4
